sbs.hcal.adc.timeoffset =
45.5690 45.5379 44.8859 44.4756 59.9096 57.4372 56.5787 59.4849 46.8174 45.1628 40.9647 45.5823
44.6366 44.2663 64.5575 62.8760 58.5722 57.0753 58.0242 58.5071 62.6607 63.8415 49.3094 46.0289
37.5629 65.0583 63.7249 59.7387 78.5856 75.7238 78.6466 78.3547 63.1437 64.1784 64.9028 64.4901
61.9522 63.5248 62.0418 63.3483 76.1130 75.1083 76.0053 76.2093 64.1067 63.1511 64.4477 64.6695
63.2644 62.9828 65.2501 63.4567 55.1705 55.7263 76.8256 77.8526 64.7391 64.1363 45.3093 45.3924
62.5095 62.2865 62.5962 63.2664 57.8523 54.5552 73.8734 76.8960 62.4481 64.0685 43.8769 43.5574
66.1142 64.8374 65.0211 66.5004 76.0752 78.5665 75.6974 77.7619 62.2681 64.3416 62.7185 61.6951
42.6860 43.0920 43.2984 43.4611 56.2881 55.0418 55.8762 57.1876 46.5435 45.2684 46.1955 43.5813
63.4196 62.2008 63.4684 62.5914 57.1247 54.9205 76.4789 77.5779 63.5605 63.9640 44.9313 43.7266
64.0942 63.0741 43.7036 44.1925 54.8053 55.9594 74.8386 75.4522 44.1525 45.6843 43.5689 44.0447
60.6309 62.2414 62.9345 62.5736 53.9119 55.5187 73.9010 73.8670 62.0154 62.4093 44.6873 44.3319
43.3014 41.5139 43.9730 44.8085 74.1670 74.4336 56.4662 57.0298 43.8567 44.5954 61.8601 61.8560
64.8428 64.2298 65.2272 65.7558 78.4412 73.9430 79.0554 79.4224 64.1886 65.2730 61.5595 60.8051
60.0316 62.5015 61.3896 63.0718 72.1745 74.8565 72.1547 74.7674 61.6042 63.9705 60.4529 61.7217
44.1549 42.7176 43.1408 44.6697 73.5901 71.7542 55.9708 56.6428 43.5952 46.5726 60.9778 60.6185
59.0103 61.2652 60.9002 61.2451 73.7037 73.8036 72.1766 74.2914 62.8363 61.9233 61.7842 60.2201
61.4485 61.1523 63.0930 62.6582 77.4426 71.0991 76.9041 78.3841 62.3912 64.9591 61.8212 63.0821
60.3743 62.4398 55.6221 62.1509 72.1116 70.9976 72.4072 75.1924 60.7012 61.6948 59.4403 61.3357
62.4045 64.6354 60.4129 63.5133 73.3139 74.3950 74.4097 73.4529 61.9930 62.9451 60.1921 62.4827
60.4408 59.5328 60.4145 60.3972 74.7974 73.7655 72.6301 76.1188 60.9559 59.7350 62.5147 61.9396
62.6498 63.0107 59.7305 62.3367 56.0169 53.5775 74.9921 76.3213 62.5421 64.0199 44.3178 44.5596
62.1344 61.4640 58.7688 59.8148 53.3408 50.9351 71.0353 72.9945 61.1045 60.5444 42.1293 40.7558
-16.6117 58.8601 59.3011 59.6489 54.2052 51.3944 74.7875 73.4519 59.6075 60.6006 42.4990 40.1922
43.4506 44.3015 41.8997 41.3031 53.1532 52.4505 55.5748 58.6283 41.0759 41.5672 42.9595 42.5652
bb.sh.adc.timeoffset =
-41.1427 -37.7595 -39.8406 -33.5244 -37.3434 -36.1736 -42.7545
-35.7819 -36.4739 -37.8161 -35.8669 -34.6447 -36.7698 -38.3861
-33.6225 -38.6006 -31.0147 -31.6447 -33.5080 -32.8073 -36.5630
-37.6289 -31.7783 -39.8806 -32.5381 -49.5920 -45.4234 -35.5507
-32.5999 -34.9759 -40.5276 -36.8039 -37.3813 -35.7355 -33.8707
-34.9466 -34.3629 -38.3704 -35.5573 -32.8175 -36.7442 -37.3986
-34.1669 -33.4277 -34.3604 -37.8874 -33.7704 -36.1453 -37.1747
-41.0693 -33.5271 -35.8080 -43.6780 -34.2203 -35.3053 -38.6117
-39.5378 -34.1759 -38.4051 -35.9199 -32.3484 -41.9614 -38.0040
-34.2260 -38.9990 -35.6982 -39.2293 -38.7099 -39.5527 -38.9727
-35.6844 -37.8321 -34.0480 -38.4015 -35.9868 -37.5104 -45.7767
-38.6868 -35.8680 -39.7278 -37.1981 -36.2130 -36.0060 -40.7033
-41.1111 -33.1547 -36.8991 -37.8611 -40.2023 -37.3368 -44.4333
-36.6812 -39.7821 -35.1060 -38.4842 -37.3018 -32.0701 -38.9572
-36.1303 -40.6537 -41.1365 -38.5521 -37.0619 -36.8414 -40.7422
-37.0561 -33.1382 -39.2041 -33.6025 -38.8181 -36.5575 -46.8327
-45.1631 -37.0755 -32.5053 -37.5006 -40.3737 -34.7986 -45.1199
-32.3935 -38.5256 -36.3810 -43.2052 -33.1083 -35.9594 -36.1057
-40.7237 -34.7226 -40.8908 -34.9201 -36.6961 -31.1928 -41.6861
-36.5764 -38.2281 -35.5551 -40.0657 -36.8074 -40.0799 -37.6838
-36.6434 -40.9488 -31.0176 -38.2800 -30.6548 -36.5567 -39.1125
-39.1988 -37.8212 -37.4706 -40.1319 -36.1627 -34.9547 -43.3171
-36.5925 -37.8190 -34.8157 -33.9991 -36.6742 -39.1807 -36.3956
-35.8905 -32.7335 -48.2663 -47.0334 -48.8609 -36.9624 -41.1271
-44.6121 -46.9672 -46.3638 -47.8088 -43.7425 -44.7937 -38.0673
-43.5312 -42.0797 -44.6226 -45.4006 -45.6790 -43.0875 -44.9730
-41.5791 -40.8127 -43.8998 -44.1022 -44.5061 -42.8092 -45.5175
