sbs.hcal.adc.timeoffset =
90.7130 107.5705 107.0136 97.3221 121.8157 110.5563 117.6981 121.6821 110.2182 108.3554 103.3480 107.3987
107.2955 106.4679 126.2376 125.4788 121.1023 119.8597 106.7942 119.2022 126.0505 126.6417 136.8484 108.6386
71.7648 132.4919 128.4022 121.8322 141.0845 138.4168 160.1410 131.4209 125.8515 126.9700 124.0933 126.9493
124.7219 127.2451 124.8327 125.7751 138.1463 137.8618 139.1729 139.0686 127.0825 125.8899 126.8485 126.8575
125.5487 125.4501 127.6903 125.7728 117.7343 118.3754 139.9061 140.9433 127.7822 126.9995 107.9140 107.8952
111.3078 124.8416 125.2963 125.5961 120.6359 117.5288 138.2763 140.1111 125.8158 127.0488 106.6292 106.1578
127.3757 126.8715 126.1483 129.4009 139.0093 141.6969 138.8847 140.8446 125.4774 127.4629 125.3448 123.4277
105.1957 105.7763 106.2185 106.4110 118.7400 118.2714 118.4527 120.4004 109.8284 107.4292 108.3786 106.0766
126.3359 124.8222 126.3793 125.5834 120.5689 118.0906 139.9522 141.0398 126.9948 126.8982 107.8975 106.2605
127.2568 125.8243 106.8698 107.4475 118.4004 119.6013 137.9925 139.0668 107.7918 108.5890 105.7545 106.7860
123.4479 124.7741 125.4373 125.5055 117.4624 118.7127 137.1416 137.6505 125.9381 125.9991 107.9344 104.6429
105.6795 104.2166 107.0493 108.4215 137.8848 138.3240 120.2328 120.9880 107.6905 107.9966 125.1889 126.0910
125.4938 125.8558 127.3035 128.6318 138.7093 137.7161 135.0724 143.2181 127.9002 128.0577 123.6947 125.2156
122.9214 124.8500 125.2023 126.5648 135.6604 137.6044 134.8946 138.2869 124.5393 127.2659 123.6823 124.7417
104.4797 105.2627 105.4890 107.8549 136.5060 135.3139 118.4176 120.2139 107.1016 110.3091 123.8983 122.8435
121.7510 123.8466 124.0756 124.3671 135.9805 136.3971 135.7342 136.9734 126.0922 124.2570 124.4389 121.4406
124.3131 123.1056 125.4512 124.9636 127.7474 134.2485 141.3122 140.7560 125.1181 127.0155 123.6785 123.8554
123.1255 124.5750 117.9821 125.6661 134.3470 133.5749 135.0511 138.4133 123.0970 124.0522 122.0854 123.2649
125.1701 126.9343 123.6407 125.9363 135.7996 137.0036 137.7941 136.6409 124.3649 125.2032 122.4917 124.3546
124.4194 124.2511 112.2225 123.0219 133.6152 136.5753 135.3925 139.4806 124.2384 122.7518 124.7057 124.5117
125.9890 127.5465 123.9602 126.3369 122.9693 116.4014 138.7117 139.8097 125.2522 127.6140 107.2994 108.4251
126.7507 113.9429 121.1658 123.5802 116.1817 114.3979 135.5635 135.7339 124.5680 123.2516 105.5703 103.9695
7.7537 122.9668 123.2334 122.5126 117.3493 112.1361 151.8519 137.0389 123.1947 124.3596 106.0561 103.9354
105.6620 108.1193 105.5616 106.6419 115.7600 114.7201 119.3231 121.1064 104.6567 105.4586 105.8482 105.9654
bb.sh.adc.timeoffset =
-41.1427 -37.2049 -37.5410 -31.1186 -36.1851 -36.0607 -39.8433
-39.2390 -39.8151 -39.4100 -39.2771 -37.8272 -39.3345 -36.8991
-33.7916 -42.7001 -30.8245 -32.6600 -33.6851 -32.8606 -38.9763
-39.7641 -30.6325 -44.7494 -32.5634 -50.3832 -42.2944 -36.0823
-34.0071 -36.4431 -42.6601 -40.1763 -40.6443 -36.2726 -34.8502
-36.2407 -36.1542 -39.0532 -35.6899 -32.2866 -40.1106 -35.8536
-35.7359 -35.5108 -34.6679 -36.3969 -35.6436 -36.4047 -36.1551
-41.7561 -30.6058 -34.3008 -42.0953 -33.0230 -34.5402 -40.0507
-41.9521 -32.9172 -38.6406 -34.5398 -31.5116 -41.7021 -38.9361
-32.8427 -37.9208 -35.1013 -38.1979 -38.2663 -38.7261 -40.7252
-34.2071 -36.6329 -33.0290 -37.4979 -34.8158 -36.8531 -44.6495
-39.6254 -34.6044 -38.4310 -35.8258 -35.3040 -35.2854 -40.5963
-40.4788 -31.7298 -35.8793 -36.7456 -39.5455 -36.5632 -43.7734
-35.5795 -38.5196 -33.9973 -37.6534 -36.4210 -30.9967 -40.1853
-36.8931 -39.3859 -39.6064 -37.4999 -35.8078 -35.9343 -42.0337
-35.6132 -31.3856 -37.5369 -32.4013 -37.4656 -35.1925 -48.2376
-44.0634 -35.6364 -30.6897 -36.4509 -39.2713 -33.6878 -46.0551
-34.0807 -37.0934 -34.9903 -42.5886 -31.5315 -34.8634 -36.1139
-42.8741 -32.8487 -39.2415 -33.5705 -35.0800 -29.9145 -42.6885
-35.9014 -37.0191 -33.5579 -39.0139 -35.5051 -39.1424 -38.4149
-38.7357 -42.2217 -29.8537 -38.2561 -29.7200 -38.4102 -39.3888
-40.8112 -38.3919 -35.9730 -38.7720 -36.1901 -33.5853 -44.3006
-36.0565 -37.6982 -33.3590 -33.1871 -38.1497 -40.3946 -34.6642
-38.0986 -32.7184 -48.1371 -47.0947 -48.8014 -36.9016 -40.2655
-42.1262 -46.1238 -46.6487 -46.9081 -38.6005 -45.1971 -34.2391
-42.1838 -37.6232 -44.0767 -44.6867 -45.3284 -43.1706 -44.6855
-43.0230 -42.0597 -43.7984 -43.4911 -43.4366 -42.4523 -44.1312
