sbs.hcal.adc.timeoffset =
42.4634 42.3861 41.7168 41.2798 56.9686 54.4971 53.6455 56.5987 43.9416 42.2850 38.0314 42.7637
41.5109 41.1193 61.3569 59.7445 55.6031 54.1736 55.1962 55.7354 59.8425 61.0469 46.3369 43.1051
34.2778 62.1158 60.6728 56.8786 75.7967 72.9248 75.9814 75.7451 60.3960 61.3473 62.0487 61.3751
59.2907 60.7290 59.1826 60.5811 73.4460 72.4721 73.4280 73.6006 61.3058 60.3072 61.5390 61.5887
60.7635 60.2568 62.6078 60.8355 52.6189 53.1594 74.3788 75.3881 62.1873 61.4227 42.5269 42.4026
59.7995 59.7049 60.5877 60.7253 55.3858 52.0877 71.6470 74.5644 60.1063 61.5782 41.2441 40.5726
63.4025 62.5480 62.4394 64.0565 73.8571 76.5427 73.3137 75.5247 59.8885 61.8685 60.0299 58.7978
40.3436 40.7254 40.8651 41.0339 53.9691 52.8086 53.5758 54.8998 44.1970 42.8005 43.6338 41.1863
61.2122 59.8349 61.1532 60.3225 54.9821 52.7454 74.5384 75.4475 61.3333 61.6145 42.5436 41.1924
62.0418 60.9076 41.5366 42.0461 52.7718 53.9677 72.8676 73.4108 42.0931 43.5909 41.2295 41.6287
58.4088 60.0544 60.8034 60.5201 51.8996 53.4923 71.8999 71.9235 60.0164 60.2376 42.5161 41.5755
41.0265 39.3108 41.8862 42.8730 72.2327 72.5022 54.6017 55.0572 41.8368 42.4159 59.5148 59.4233
62.4573 62.1074 63.0929 63.7735 76.6332 72.1344 77.0136 77.5383 62.2169 63.2339 59.2879 58.5638
57.9969 60.3975 59.2980 61.1367 70.2342 73.0261 70.0336 72.7982 59.6722 61.9025 58.3059 59.4390
41.9503 40.6730 41.2121 42.7552 71.5264 69.8204 53.8568 54.7381 41.6748 44.7225 58.7042 58.1739
57.0450 59.2713 58.8946 59.3829 71.6777 71.8790 70.1717 72.3893 60.9049 59.9326 59.5612 57.7729
59.5944 59.1422 61.2424 60.8078 75.3889 69.2125 74.9866 76.5984 60.3776 62.9742 59.7534 60.2681
58.4835 60.6825 53.8354 60.4292 70.2694 69.2285 70.5622 73.4262 58.8180 59.8063 57.3510 59.3680
60.5058 62.9233 58.7255 61.8351 71.6820 72.6492 72.7522 71.7349 60.2227 61.1167 58.1303 60.5747
58.7877 57.9041 58.8472 58.8772 73.3580 72.3129 70.9797 74.5434 59.3552 57.9722 60.6374 60.2695
61.0675 61.5324 59.4248 61.0561 56.9889 52.2077 73.5383 74.7769 61.0237 62.5978 42.5923 43.0544
60.8478 60.0676 57.5145 58.6313 52.0257 49.5528 69.4459 71.4082 59.5440 59.0130 40.4877 38.8668
-17.8372 57.7560 58.3249 58.5467 52.8525 50.0659 73.5415 72.0757 58.1369 59.1546 41.0588 38.4968
42.3029 43.0398 40.8366 40.1734 52.0057 51.2358 54.6132 57.3368 39.7446 40.2216 41.5144 40.8166
bb.sh.adc.timeoffset =
-41.1427 -37.8415 -39.5698 -32.4940 -36.4499 -36.9150 -39.7544
-40.3004 -40.7618 -40.3083 -40.0861 -38.5898 -40.1667 -37.8012
-34.6238 -43.4375 -31.3713 -33.0148 -34.2252 -33.8139 -39.9837
-41.0643 -31.4566 -45.4508 -33.2150 -51.1984 -43.1781 -37.2061
-35.2588 -37.0752 -43.3944 -40.8539 -40.7057 -37.0812 -36.0210
-37.6163 -36.5912 -39.4626 -36.5375 -33.3310 -40.8812 -37.1897
-36.8180 -35.7978 -35.2635 -40.0807 -36.4077 -37.7605 -38.9144
-43.9578 -32.8840 -35.8024 -44.1587 -34.1799 -35.7438 -41.3900
-43.1502 -33.8228 -38.8385 -35.4620 -32.6792 -42.8675 -40.1516
-33.9412 -39.0336 -35.6865 -39.1949 -39.2308 -39.4772 -41.8613
-35.3866 -37.5688 -33.7236 -38.3216 -35.8604 -37.7142 -45.9526
-40.6424 -35.6373 -39.3609 -36.7787 -36.3015 -36.0701 -41.6716
-41.4869 -32.7207 -36.8416 -37.7978 -40.4400 -37.5094 -44.8744
-36.7121 -39.5790 -34.8259 -38.5465 -37.4241 -31.8541 -40.9517
-38.0477 -40.4199 -40.5960 -38.2499 -36.8463 -36.6728 -43.0653
-36.4620 -32.1785 -38.1889 -33.5025 -38.2323 -36.2807 -49.1424
-44.9572 -36.5890 -31.6224 -37.4219 -40.2803 -34.5032 -47.0072
-35.3255 -38.1056 -35.9508 -43.6783 -32.5884 -35.8382 -37.3079
-44.0638 -33.8813 -40.3174 -34.5004 -35.9839 -30.7897 -43.4797
-36.9883 -37.9079 -34.6974 -40.1389 -36.4547 -40.0825 -39.1156
-39.4175 -43.7333 -30.9664 -39.4230 -30.7989 -39.7250 -39.6540
-41.4228 -39.7031 -37.2059 -39.9510 -37.0638 -34.5123 -45.2255
-36.9215 -38.9298 -34.3556 -34.4768 -38.9620 -41.3460 -35.7556
-38.9829 -33.4441 -48.8490 -48.1861 -49.6559 -37.9190 -41.0404
-44.1128 -47.5271 -47.3740 -47.8041 -41.2500 -46.4813 -35.8118
-43.8499 -38.8200 -44.8229 -45.7244 -45.8887 -43.7309 -45.2458
-43.5833 -42.6200 -44.3587 -44.0514 -43.9969 -43.0126 -44.6915
