sbs.hcal.adc.timeoffset =
45.569 47.9129 46.5109 47.0147 63.4409 60.3044 59.7857 62.8208 50.1729 46.4519 40.8163 45.9534
47.8983 45.2468 65.4833 64.9268 63.0019 60.0909 62.1336 64.5266 65.9966 67.1813 57.5828 48.068
39.1488 67.7888 66.5491 63.4653 82.5934 79.9933 84.1779 83.2609 66.8742 67.5339 67.6997 65.8143
63.3077 66.0014 64.8152 67.153 80.488 79.6278 80.1576 79.8616 66.7473 65.1355 66.1 65.9078
67.1355 64.7328 68.586 67.2731 60.1197 60.8005 81.9506 82.962 68.4852 66.7965 48.2624 45.5408
63.4079 63.8842 65.2837 67.3055 62.3796 58.938 77.514 82.0288 67.7254 68.6779 46.9667 45.8699
67.872 68.5444 69.3453 71.2738 81.7588 84.7501 80.0177 82.5353 66.7486 67.8221 65.2537 62.2654
43.6118 44.5842 46.2828 46.5861 60.249 59.3973 59.9699 61.2149 50.4302 48.5262 48.2268 45.2493
65.1383 62.7086 66.4215 65.4547 60.8278 59.2096 82.0258 81.781 67.8339 67.0968 47.4547 45.3789
67.6137 65.9882 46.938 47.7784 59.1998 60.9555 80.0183 80.3741 48.8986 50.1687 47.0064 45.658
61.8067 63.6516 66.2704 66.0345 58.0838 60.2375 78.733 78.9607 66.9256 66.6007 48.4998 46.2069
43.8756 43.3342 47.0433 48.5858 78.749 79.4609 61.3803 61.8462 48.2629 48.3571 64.4773 63.7974
65.417 67.7767 69.1022 73.3183 84.6521 80.5211 83.6023 83.9771 68.4699 69.8824 64.1142 63.266
62.2972 65.8101 65.9521 67.4077 76.8386 79.1065 76.4164 78.3768 65.8308 66.9666 63.6248 63.2569
44.0768 44.5145 46.965 48.2791 77.3206 75.7542 59.7208 60.3928 47.7475 50.9867 63.6966 62.0052
59.9322 63.8355 63.5486 63.9951 77.235 77.4247 75.3954 77.1977 65.8402 65.0678 64.9756 62.3685
62.6672 63.9336 65.0852 65.5449 80.7199 73.8647 80.1971 81.9818 65.5201 67.7833 64.6259 63.7735
60.8899 64.4398 58.333 66.2876 74.4436 73.2437 75.0283 77.6533 63.8028 64.6167 61.9012 64.6287
62.9748 67.0846 63.1082 66.7438 76.5248 78.4653 77.3824 76.6365 64.9852 65.6209 61.8484 64.6429
62.808 60.5484 62.7192 64.2019 79.2701 78.1014 76.3449 80.1032 64.2528 62.5827 64.9405 65.8185
63.6967 65.956 64.3399 66.8992 66.4153 57.0697 78.8124 79.044 65.2335 67.1605 47.0209 49.2393
63.7672 64.2921 60.9407 62.6234 56.3955 52.9312 73.59 75.4711 63.7061 63.7788 45.016 41.6152
-15.0062 60.5124 61.3714 61.8911 56.1739 53.6171 77.8812 76.6121 61.8536 62.5303 45.0537 40.8992
44.9858 45.864 44.0481 44.0297 55.7391 54.9036 57.6646 61.5189 43.2751 44.7 45.5181 42.9402


bb.sh.adc.timeoffset =
-41.1427 -38.1765 -39.6639 -33.6498 -37.499 -36.2469 -40.9598
-36.8873 -37.4143 -38.5046 -36.9793 -35.5071 -37.1537 -38.1157
-35.8675 -39.6132 -33.4355 -33.6759 -34.7678 -34.5252 -37.2901
-38.9276 -34.3201 -40.3619 -34.8222 -50.5186 -46.4634 -37.005
-34.8077 -36.7579 -40.9111 -37.8779 -38.0109 -36.6006 -34.8824
-36.3408 -35.6497 -38.6777 -36.1908 -33.7488 -36.6707 -36.9462
-35.7651 -35.2349 -35.6285 -37.9202 -35.0512 -36.721 -36.7573
-40.3998 -35.2697 -36.49 -42.8444 -35.3154 -35.7198 -37.6669
-40.1143 -35.7172 -38.6173 -36.3489 -33.3292 -41.0135 -37.8725
-36.6657 -39.7765 -37.4836 -39.6826 -39.5382 -40.0207 -39.1604
-39.0146 -40.6281 -37.4075 -40.3879 -38.5845 -39.6628 -45.7231
-41.0891 -39.4852 -42.0676 -40.1161 -39.1251 -38.2638 -41.7805
-43.2106 -36.848 -39.8248 -40.5094 -42.1182 -39.9988 -45.3063
-39.7474 -41.7145 -37.8421 -40.4078 -39.5458 -34.9703 -39.96
-39.6681 -43.0362 -43.3804 -41.005 -39.8956 -39.6087 -42.2244
-40.8311 -37.5695 -42.276 -37.6304 -41.7122 -40.2427 -47.9202
-47.7632 -40.5047 -36.7528 -40.0821 -42.7618 -38.4846 -46.2874
-36.7962 -41.7076 -40.2387 -45.3266 -37.2169 -38.9694 -38.8071
-43.6858 -38.8331 -43.4544 -38.4621 -40.0359 -35.2523 -43.4116
-40.2297 -41.0806 -39.2844 -42.3867 -40.2709 -42.5267 -40.4851
-38.7867 -41.9075 -33.8658 -39.2687 -33.1843 -37.6182 -39.4718
-38.7989 -37.6791 -37.6799 -39.4053 -36.3556 -35.1275 -41.7299
-36.9113 -37.4306 -35.0237 -34.065 -36.1319 -38.2526 -36.0068
-35.9299 -32.9408 -45.4967 -45.172 -46.6301 -36.3591 -39.3641
-42.7541 -44.3445 -43.1505 -43.9955 -40.6466 -41.551 -35.7443
-40.4974 -38.8003 -40.5713 -40.7232 -40.8875 -38.7297 -40.2446
-38.5821 -37.6188 -39.3575 -39.0502 -38.9957 -38.0114 -39.6903
