sbs.hcal.adc.timeoffset =
0.0000 2.2333 1.3775 2.0083 3.3204 2.7740 2.7573 3.1828 3.2254 1.5645 -0.0159 0.9573
2.5509 0.8660 0.5417 2.1659 3.8329 2.8275 3.4239 4.6002 2.6004 3.3196 8.1994 2.0475
1.9072 2.0669 2.0943 3.9186 3.6571 3.8245 4.1440 4.5279 3.4694 3.3277 2.7740 1.4243
1.1194 2.2111 2.5423 3.3560 3.6240 3.9918 3.9409 3.6705 2.5147 2.1574 1.9849 1.2528
3.1238 1.5879 3.1782 3.5056 4.5990 4.4370 4.7863 4.8042 3.8069 2.9061 2.9157 0.9074
0.8781 1.5553 1.8771 3.7431 4.3005 4.0930 4.0045 4.3921 4.9402 4.2755 3.1703 2.3516
0.7628 1.4534 2.9756 3.7432 5.1965 5.2566 3.8824 4.6514 4.0920 3.2705 2.3407 0.8986
0.8623 1.3629 2.7629 2.9328 3.7742 4.1193 3.8398 3.7140 3.6333 3.2691 2.2625 2.5904
1.7610 0.5418 2.5685 2.8674 3.8401 4.0429 5.3029 4.0374 3.8956 3.0633 2.5424 1.8923
2.8461 2.2668 3.0346 3.2328 4.3429 4.8257 4.5215 4.6229 4.2931 4.3309 3.1929 1.8606
1.2516 1.5351 3.0826 3.6733 4.0184 4.5366 4.5083 4.8410 4.8129 3.8024 3.3776 1.5118
0.1438 1.3174 3.0641 3.7067 4.3816 4.4949 4.7208 4.2654 4.1712 3.2940 2.1803 2.0370
-0.3980 2.6805 3.0705 5.2098 5.3120 5.5566 4.5799 4.3115 4.0712 4.1157 2.2670 2.2880
1.4587 2.5061 3.2596 3.8115 4.0162 3.8717 3.8250 3.3285 3.9423 2.8218 2.8766 1.6046
-0.5375 1.1520 2.8938 3.3116 3.6036 3.6214 3.7989 3.6614 3.7177 3.9774 2.1377 1.5131
0.3205 1.6076 2.6931 2.3035 3.1659 2.9967 3.2965 2.8160 2.9014 2.9438 2.8056 1.8541
0.3539 1.6648 1.7360 2.1077 2.6406 2.1837 2.7289 2.8764 2.6081 2.5304 2.3918 -0.6552
-0.0626 1.2276 0.9065 2.2119 1.9652 2.3298 2.3413 2.5519 2.5281 2.6285 2.2084 3.3353
-0.1643 0.9420 1.7780 2.0473 2.7707 2.6125 2.7944 2.5855 2.5335 2.7126 1.1739 2.1284
1.1167 0.6275 1.2500 2.3594 3.3320 2.9457 2.5199 3.0685 2.6710 2.2016 1.7997 3.2480
-0.2102 1.1869 2.3007 3.0384 6.1861 2.6994 2.6396 1.9386 2.1158 2.2296 2.1634 4.1009
0.2060 1.0833 0.7452 2.0984 1.6712 1.3071 1.1579 1.4938 2.1236 2.8434 2.3247 0.6225
0.4520 0.5829 1.4263 1.1422 0.6055 1.0164 1.8956 1.7372 1.4867 1.8601 2.2553 0.7151
-0.7449 -0.6627 1.1118 1.5018 1.2916 1.0793 0.8363 1.2859 1.8817 2.5686 2.0542 0.1751
