bb.hodotdc.timewalk0map = 
      -0.460654       -0.336822       -0.398353       -0.363968       -0.306389       -0.308445       -0.334665       -0.197016       -0.286427 
      -0.321454       -0.296428       -0.292326       -0.373648       -0.355564       -0.322245       -0.309727       -0.337867       -0.380927 
      -0.358169       -0.376447       -0.333342       -0.332607       -0.403999       -0.389397        -0.39667        -0.39064       -0.351885 
       -0.37511       -0.359511       -0.355766       -0.367842       -0.410851       -0.369087        -0.38616         -0.4166       -0.414273 
      -0.390094       -0.421874       -0.386805       -0.441132       -0.384191       -0.446615        -0.41178       -0.426422        -0.38287 
       -0.40857       -0.453711       -0.433523       -0.362853       -0.380914       -0.415827       -0.396595        -0.35934       -0.379125 
      -0.388155       -0.401228       -0.438985       -0.414277       -0.372646       -0.413258       -0.481048       -0.358698       -0.381807 
      -0.409761       -0.364598       -0.316155       -0.380376       -0.371776       -0.345845       -0.350345       -0.358998       -0.397083 
      -0.338098        -0.35905       -0.338055       -0.331233       -0.353348       -0.471235       -0.396281       -0.416858       -0.373102 
      -0.328534       -0.297016       -0.388068       -0.388068       -0.388068       -0.388068       -0.388068       -0.388068       -0.388068 
      -0.338895       -0.269453       -0.326051       -0.283044       -0.267561       -0.247529       -0.276576       -0.140193       -0.220242 
       -0.30848       -0.299861       -0.219471       -0.325036       -0.287739       -0.277821       -0.257103       -0.290108       -0.299193 
      -0.332276       -0.319794       -0.270054       -0.271957       -0.328236       -0.357537       -0.327558       -0.366853       -0.294845 
      -0.295394       -0.299165       -0.280992       -0.345676       -0.302706       -0.306891        -0.32729       -0.369021       -0.352421 
      -0.323683       -0.336211       -0.314617       -0.299392        -0.35258        -0.40882       -0.306594       -0.348747       -0.333622 
      -0.338329       -0.368431       -0.330924        -0.28673       -0.281855       -0.292687       -0.311868       -0.247737       -0.272951 
      -0.307405       -0.323284       -0.368139       -0.310021       -0.295036       -0.317307       -0.369052       -0.276608       -0.309573 
      -0.288495        -0.28376       -0.231802        -0.29939       -0.272456       -0.248175       -0.249321       -0.271873       -0.291559 
      -0.262661       -0.289073        -0.30091       -0.255359       -0.294803       -0.418579       -0.371696       -0.383332       -0.339768 
       -0.29538       -0.313681       -0.313581       -0.313581       -0.313581       -0.313581       -0.313581       -0.313581       -0.313581 

bb.hodotdc.timewalk1map = 
              0               0               0               0               0               0               0               0               0 
              0               0               0               0               0               0               0               0               0 
              0               0               0               0               0               0               0               0               0 
              0               0               0               0               0               0               0               0               0 
              0               0               0               0               0               0               0               0               0 
              0               0               0               0               0               0               0               0               0 
              0               0               0               0               0               0               0               0               0 
              0               0               0               0               0               0               0               0               0 
              0               0               0               0               0               0               0               0               0 
              0               0               0               0               0               0               0               0               0 
              0               0               0               0               0               0               0               0               0 
              0               0               0               0               0               0               0               0               0 
              0               0               0               0               0               0               0               0               0 
              0               0               0               0               0               0               0               0               0 
              0               0               0               0               0               0               0               0               0 
              0               0               0               0               0               0               0               0               0 
              0               0               0               0               0               0               0               0               0 
              0               0               0               0               0               0               0               0               0 
              0               0               0               0               0               0               0               0               0 
              0               0               0               0               0               0               0               0               0 

bb.hodotdc.vscint = 
       0.121741        0.126892        0.130826        0.126183        0.126355        0.113517        0.120821       0.0978156        0.101056 
       0.136911        0.129372         0.11837        0.123641        0.122905        0.127987        0.125854        0.130422        0.126622 
       0.131718        0.125243        0.123164        0.121641        0.126787        0.135877        0.124696        0.129417        0.127253 
         0.1229        0.125156        0.122521        0.131033        0.127606        0.130246        0.123038        0.130213        0.121521 
       0.117546        0.120867        0.119626        0.114976        0.129579         0.13674        0.126407        0.129079        0.130249 
       0.124001         0.12555        0.123077        0.115239        0.113787        0.108005        0.114711        0.109729        0.110535 
       0.118294         0.11717        0.123113        0.118851        0.121769        0.118696         0.12361         0.11785        0.120216 
        0.12045        0.123774        0.118659        0.123436        0.119338        0.122482        0.119239        0.122404        0.123229 
       0.122428        0.127278         0.13374        0.129163        0.126814        0.134069        0.124941        0.125522        0.118239 
       0.112158        0.122361        0.123294        0.123294        0.123294        0.123294        0.123294        0.123294        0.123294 

bb.hodotdc.meantime_offset = 
        1.91815       0.0470204         2.22946       -0.890921       -0.648204        -2.01234        -1.68437        -4.43481        -3.38608 
      -0.916119        -2.61497        -2.98129        -1.06184         -2.6658        -2.71605        -2.95855        -2.15529        -1.42567 
       -1.27161        -1.99275        -2.68635        -2.72388        -1.04421       -0.286756         -0.2831        0.188672       -0.198075 
       -0.10481       -0.319624       -0.126633       -0.177432        0.360742        -1.28696        -1.92189       -0.454191        -1.38033 
       -1.00134        -1.36426       -0.919482       -0.477365       0.0221215        0.910249        -1.19246        0.237502        0.123559 
      -0.126059        0.428721        0.601817       -0.499105        -1.27814         -1.0441        -1.18894        -2.38832        -1.48238 
      -0.443446       -0.542047        0.488404        -1.17515        -1.80441        -1.18443        0.638853       -0.639153        -0.17651 
        1.04258        0.137731       -0.773435        0.681524      -0.0709527       -0.285182        0.475964        0.936394         2.11815 
        1.82502         3.38453         2.34946         2.05793         2.05271         3.74936         1.72135         2.71875         1.91658 
        2.16554         1.86024         2.46671         2.46671         2.46671         2.46671         2.46671         2.46671         2.46671 

bb.hodotdc.rf_offset = 
        1.33264        0.585816               0         2.75702         2.41628         2.32701         2.43423          2.1959         2.22093 
        2.39757         2.44797           2.414          2.5693         2.58429         2.60768         2.60253         2.58407         2.31368 
        2.35621         2.12946         2.05699          2.0259         1.94278         1.77223         1.71593         1.75062         1.57469 
        1.55054         1.52935         1.49305         1.05653         3.27645         2.67987         3.33414         2.65481        0.942785 
       0.849985          0.7152        0.774731        0.695035        0.528206        -0.34977        0.513333        0.567476        0.425518 
       0.519476       -0.208408        0.344911        0.429854        0.293691        0.270759        0.255051        0.303227        0.318416 
       0.294444        0.492823       -0.477465        0.381322        0.425405        0.386312        0.321836         0.54676         0.66786 
       0.726485        0.699056        0.597547        0.584687        0.542348        0.600741        0.473089        0.561139        0.558886 
       0.540734        0.553837        0.514002        0.481785        0.514552        0.397909        0.575055        0.497853         1.50855 
        1.71844         1.86033               0               0               0               0               0               0               0 

bb.hodotdc.tdiffoffset = 
              0               0               0               0               0               0               0               0               0 
              0               0               0               0               0               0               0               0               0 
              0               0               0               0               0               0               0               0               0 
              0               0               0               0               0               0               0               0               0 
              0               0               0               0               0               0               0               0               0 
              0               0               0               0               0               0               0               0               0 
              0               0               0               0               0               0               0               0               0 
              0               0               0               0               0               0               0               0               0 
              0               0               0               0               0               0               0               0               0 
              0               0               0               0               0               0               0               0               0 
sbs.hcal.meantime_offsets = 
        -2.5558        -1.77282        -0.34534       -0.629617        0.046488       -0.887086         0.49663        -0.28926       -0.270209      -0.0609502       -0.102739        -3.08028 
       -1.19322       -0.104453       -0.114696       -0.603439         0.34613        0.827252        0.697709       -0.219044        -1.09335         -1.5216        -1.92816         4.01891 
       -3.44189        -0.40786         1.69858        -1.17398        0.249637         1.74526         1.78386       -0.685788        0.710759          1.0085        -1.08379        0.533225 
       -2.06818       0.0143838          1.0989       -0.402378         -1.1132       -0.541578        0.266778       0.0521369        0.239075         1.66767        0.741108         1.26503 
       -1.65451      -0.0227995      -0.0768709        0.460553       -0.504884         1.32479         3.01048         1.38871       -0.397516         1.93052        0.415555         3.55648 
       0.954394          1.7126         1.00475        -1.68572        0.526181        0.693264         2.42858        -2.58834        -1.64632        -1.73227       -0.119736         0.40194 
         1.6997         4.05599        0.685221         1.61806         2.60965        -6.39293         1.77406       -0.434952        -1.42675       0.0712047          1.7602        -3.39929 
         0.2156          2.6027         2.12665         2.36641         2.05591         1.62742        0.959547         1.22528       -0.336202       -0.853137        0.483061        0.531806 
        3.38824        0.638714         1.29501         3.10465         1.03417       -0.493189        0.353326         0.38759         1.14352         1.00009       -0.329133        0.764228 
        1.73992         1.26559         1.91568        0.271714         2.51571         3.72492        -0.50419        0.302622       -0.482983         2.69464       -0.190826         6.06185 
      -0.918926        -3.28708         2.97474         1.24038         1.62474        0.280937         1.34522       -0.609101          1.3451        0.562216        -3.03772        -2.35821 
        1.56347         1.41335        0.704724        0.383445         1.72948        0.531267         2.74857          1.2543         1.05211         1.60904         2.39339         1.79806 
        7.90888         2.85775       -0.056747         1.91503         1.85507         1.85034        0.987212         1.40581         1.15148        -1.10388        0.797001        -2.82645 
       -1.49144        0.932294        -1.73667        0.631822         1.73268          1.9177        0.779216         1.48466         2.57056         3.09958        0.625539         2.23061 
        2.59033        0.520785         1.21504       -0.658515        0.160105       -0.126908         1.40496         1.44465         0.90921        -0.73561        0.771515         1.90593 
      -0.463325        0.334006        -3.28914        -1.75881         1.35483         1.84817        0.995811        0.489014        0.755332         2.75635        0.368287        0.781939 
       -2.46492         1.81018       -0.585535        0.973494         1.67491        0.124262         1.83083        0.435909         0.31416        0.789719         4.50565        0.224364 
       0.116475          0.3138       -0.895636        -2.15869        0.145803        0.429777         2.18171       -0.121871         1.41176        0.714598         0.48521        0.501647 
      -0.999793        -7.96162         1.93242        0.106022         0.55575       -0.407793        0.540283         1.55472          1.7083         1.33509         1.50117         1.84556 
        2.03422         1.12349        -1.27938         1.02299        0.762818         3.02295         -1.8742           1.878       0.0129921        0.615353         1.42794         5.21433 
        3.28793         1.30995        0.629305        -3.42718        0.629305         1.37283         1.21109         2.09206         1.19885         0.71143         -0.7004        0.152677 
        2.18825        -6.01356        0.605354         1.22762       -0.916396        -3.67125        -4.64169         1.85917         2.86102         1.76811       -0.990373        0.350434 
       0.681044          1.6097         -2.1787        0.575957        -2.66718        -9.69326        -1.38396        -2.14783         2.25886        -2.30037        -2.51694        0.414602 
       0.752905      -0.0929039        0.379019         3.55743      -0.0539895         2.84382          2.5424         1.09407         4.62717         2.92859        0.114383        0.527192 
sbs.hcal.w0 = 
     -0.0156833     -0.00654317      -0.0489943      -0.0301468      -0.0308377      -0.0132079      -0.0244059      -0.0120473     -0.00913962     -0.00823008     -0.00603128       0.0157937 
     0.00390117     -0.00207509    -0.000963313      0.00215481     -0.00155333     -0.00284041     -0.00150107      0.00268232      0.00604487      0.00763668      0.00913071        -8.14772 
        3.84268       0.0123065        -4.58107       -0.109425       -0.259331        -5.04728        -4.77039       0.0199147        -3.88108        -7.43608         2.69714        -4.16593 
       -1.69288       -0.100694        -2.89603       -0.909351         2.32624         2.17076       -0.595438        -1.48084        -3.74113        -5.98873        -1.86514        -1.99012 
        2.71294        0.626043        -1.42478        -2.84735         1.58133        -3.29819        -8.15673        -5.15681         0.71195        -8.21184        -1.83248         -8.8731 
       -2.92042        -3.74068        -1.13433         4.83076      -0.0935734        -1.65704         -4.1992         5.60966         2.27003         2.77822        -2.31502        -5.13762 
       0.338347        -4.56045        -3.61005        -4.59806        -2.88975         7.73437        -2.05538         2.81359         3.55471       -0.807542        -4.41461         4.52419 
      -0.156351        -1.53572        -2.09302        -2.55815        -2.57009       -0.828238       -0.784339       -0.347295        0.307136         1.97681       -0.552917        -10.3902 
       -7.09008        0.628854        -2.55428        -3.17276       -0.137382         3.30501      -0.0607431         3.55199        -2.03108       -0.317413       -0.154021         2.77405 
       -4.30853        0.441175        -2.66218        0.263712        -1.51244        -4.47874         2.91122         1.83691         2.44602        -4.13803         2.25359        -7.35088 
        3.77556         4.55339        -7.22832        0.129173       0.0725272         1.71557          0.5147         4.77293        -1.51227         1.68562         4.12517         11.8051 
       -1.01582        -0.39985        -1.58361        0.086193      -0.0741229        -1.87164        -2.36576       -0.478005        -0.96011       -0.614066        -2.83924        -3.96119 
       -6.56797        -1.22085           2.053        -2.82395        -2.07124        -3.87381         2.00431        0.584982       -0.914668         2.83509         1.61483         6.70353 
        1.77386        -1.03376         2.54946         2.76792        -3.83626        0.539348        0.455523          -1.026         -3.8932        -3.38686         2.80075        -3.41763 
        2.29561        -1.09178       -0.320942         3.20753         5.04232         3.44708        -3.54761         -1.8894         0.46342         4.80168       -0.914784        -2.26876 
      -0.826121         2.83007         7.93734         1.33979        -2.23454      0.00609021       0.0849367       -0.489071        -2.58273        -4.41527         1.69852        0.843084 
        4.88174        -4.10214        -2.62631        -2.10551        -2.01332         2.25046         0.80074        -1.51138         2.82567        -2.12942         -6.3101         3.45981 
        3.06514         3.44497        -0.87613         2.32914         2.05486           2.231         -1.5714         3.90668        -2.41083         2.31599         2.68354        -2.11159 
        11.4418         9.59525        -1.52892          1.7375         1.38701        0.822942         1.23425       -0.780219        -0.16641        -2.66599        -1.24616        -1.47046 
      -0.850291        -5.99591         5.11314       -0.378976        0.208288         -5.3837         8.72484      -0.0933037       -0.834625        -1.21014       -0.913452        -9.70419 
       0.900377         2.20641       -0.378657         7.28638       -0.378657         -2.4229       0.0830346        -8.13236        -2.08505        -1.09089         2.07571         -2.9064 
       -1.94669          28.395        0.421456        -6.64368       -0.768576         7.37059         10.7826        -2.22413        -8.61344        -1.90123        0.547152        -10.7368 
       -2.01604        -9.76229          8.2973         2.63376         14.2209         19.6335         3.71979        -2.09481        -7.88542       0.0852451          5.0068        -1.39526 
       0.505201        -1.37529          2.7335        0.633667        0.592779        -2.60056       -0.688093         -1.8279        -10.3803        -6.95358       -0.788524        -3.57429 
sbs.hcal.w1 = 
        1.15589        0.877199         1.07747        0.921973        0.472003        0.923442            0.65        0.900714         1.01245        0.764717        0.669053        0.581728 
        1.31981         0.92743        0.835402         1.01303        0.750889         0.58594        0.558517        0.129664        0.719395         0.85969         0.92839       -0.858148 
        1.35805         0.76784        0.563409         1.00491        0.675983        0.434402        0.298628         0.76403        0.550165        0.532545        0.467859        0.327345 
        1.71695        0.985335         0.61814         0.97137         1.01273        0.734781        0.748164        0.819736        0.841447        0.531581         0.65954        0.231432 
        1.76156          0.9136           1.159        0.924218        0.936858        0.495341        0.344137        0.646163        0.975281        0.540182         0.71117        0.147042 
       0.960477        0.624962        0.778595         1.36676        0.858588        0.840418        0.320672         1.39973         1.25176        0.991619        0.891175        0.453902 
     -0.0547497      0.00916454        0.162761        0.179959        0.325316         3.02957        0.616627        0.988718         1.44234        0.987756        0.400346         1.18208 
        1.22063        0.583089        0.767479        0.754645        0.536465        0.503833        0.818773        0.701949         1.15536         1.11003        0.846994         1.14219 
       0.502262         1.16216        0.890147         0.67948        0.960726         1.17547        0.905518         1.05494         1.05226        0.977355         1.25816        0.452481 
       0.352068        0.999264        0.841091         1.23302        0.676521        0.374133         1.17686         1.05656         1.29316        0.623045        0.982788       -0.338877 
        1.08664         1.64823        0.553774         1.23906          0.7446         1.03933        0.852455         1.17339        0.870562         1.14011         1.16958        0.781205 
       0.644176        0.927667         1.08043         1.15582        0.872074        0.732508        0.568418        0.829334         1.01126        0.940786        0.737103         0.44382 
        -1.3298         0.17933        0.903956        0.644373        0.421072        0.546242        0.879601        0.981541         1.09709         1.32904        0.874038         1.24204 
        1.63129         1.04897         2.27811        0.930906        0.430261        0.831375        0.838775        0.893667        0.662696        0.577183        0.899215        0.378087 
       0.100395         1.01225         0.88066         1.34588         1.13675         1.05228        0.585067        0.829484         1.01825        0.687413        0.961749        0.325064 
        1.40243         1.29396         1.99064         1.75128        0.974679        0.747269         0.98078         1.11649         1.00133        0.564485        0.988214         0.66299 
        1.48745        0.329499         1.21062        0.711712          0.7264         1.13172        0.855617        0.616432        0.988205        0.648836        0.349047        0.327653 
       0.850737         1.18497         1.85172         1.57607         1.25171          1.0148        0.723024         1.25115        0.893286        0.907505        0.967461        0.623416 
       0.760991         3.61125        0.982028         1.21498         1.10223         1.04063        0.833822        0.862228        0.708129        0.870248        0.870534        0.302786 
       0.163087        0.584013         1.16675         1.02889        0.986137        0.330523         1.31729        0.487608         1.14596         1.16145        0.754527       -0.299738 
      0.0610263        0.901665        0.864194         1.38842        0.864194        0.714892         0.76331        0.370205        0.828169        0.919746        0.952213        0.485284 
       0.622684         1.56008         1.17881        0.815162         1.06768         1.56561         2.12215        0.566406         0.49285        0.439759         1.30433        0.633797 
       0.913104        0.838476          1.3607         1.01794         1.30958         2.19573         1.03333         1.05756        0.391556         1.44194         1.34965        0.756319 
       0.580543        0.715422        0.754048      0.00430792        0.666381        0.335169        0.529523        0.454417      -0.0115061        0.141697        0.756077         0.67523 