bb.hodotdc.timewalk0map = 
      -0.460654       -0.336822       -0.398353       -0.363968       -0.306389       -0.308445       -0.334665       -0.197016       -0.286427 
      -0.321454       -0.296428       -0.292326       -0.373648       -0.355564       -0.322245       -0.309727       -0.337867       -0.380927 
      -0.358169       -0.376447       -0.333342       -0.332607       -0.403999       -0.389397        -0.39667        -0.39064       -0.351885 
       -0.37511       -0.359511       -0.355766       -0.367842       -0.410851       -0.369087        -0.38616         -0.4166       -0.414273 
      -0.390094       -0.421874       -0.386805       -0.441132       -0.384191       -0.446615        -0.41178       -0.426422        -0.38287 
       -0.40857       -0.453711       -0.433523       -0.362853       -0.380914       -0.415827       -0.396595        -0.35934       -0.379125 
      -0.388155       -0.401228       -0.438985       -0.414277       -0.372646       -0.413258       -0.481048       -0.358698       -0.381807 
      -0.409761       -0.364598       -0.316155       -0.380376       -0.371776       -0.345845       -0.350345       -0.358998       -0.397083 
      -0.338098        -0.35905       -0.338055       -0.331233       -0.353348       -0.471235       -0.396281       -0.416858       -0.373102 
      -0.328534       -0.297016       -0.388068       -0.388068       -0.388068       -0.388068       -0.388068       -0.388068       -0.388068 
      -0.338895       -0.269453       -0.326051       -0.283044       -0.267561       -0.247529       -0.276576       -0.140193       -0.220242 
       -0.30848       -0.299861       -0.219471       -0.325036       -0.287739       -0.277821       -0.257103       -0.290108       -0.299193 
      -0.332276       -0.319794       -0.270054       -0.271957       -0.328236       -0.357537       -0.327558       -0.366853       -0.294845 
      -0.295394       -0.299165       -0.280992       -0.345676       -0.302706       -0.306891        -0.32729       -0.369021       -0.352421 
      -0.323683       -0.336211       -0.314617       -0.299392        -0.35258        -0.40882       -0.306594       -0.348747       -0.333622 
      -0.338329       -0.368431       -0.330924        -0.28673       -0.281855       -0.292687       -0.311868       -0.247737       -0.272951 
      -0.307405       -0.323284       -0.368139       -0.310021       -0.295036       -0.317307       -0.369052       -0.276608       -0.309573 
      -0.288495        -0.28376       -0.231802        -0.29939       -0.272456       -0.248175       -0.249321       -0.271873       -0.291559 
      -0.262661       -0.289073        -0.30091       -0.255359       -0.294803       -0.418579       -0.371696       -0.383332       -0.339768 
       -0.29538       -0.313681       -0.313581       -0.313581       -0.313581       -0.313581       -0.313581       -0.313581       -0.313581 

bb.hodotdc.timewalk1map = 
              0               0               0               0               0               0               0               0               0 
              0               0               0               0               0               0               0               0               0 
              0               0               0               0               0               0               0               0               0 
              0               0               0               0               0               0               0               0               0 
              0               0               0               0               0               0               0               0               0 
              0               0               0               0               0               0               0               0               0 
              0               0               0               0               0               0               0               0               0 
              0               0               0               0               0               0               0               0               0 
              0               0               0               0               0               0               0               0               0 
              0               0               0               0               0               0               0               0               0 
              0               0               0               0               0               0               0               0               0 
              0               0               0               0               0               0               0               0               0 
              0               0               0               0               0               0               0               0               0 
              0               0               0               0               0               0               0               0               0 
              0               0               0               0               0               0               0               0               0 
              0               0               0               0               0               0               0               0               0 
              0               0               0               0               0               0               0               0               0 
              0               0               0               0               0               0               0               0               0 
              0               0               0               0               0               0               0               0               0 
              0               0               0               0               0               0               0               0               0 

bb.hodotdc.vscint = 
       0.121741        0.126892        0.130826        0.126183        0.126355        0.113517        0.120821       0.0978156        0.101056 
       0.136911        0.129372         0.11837        0.123641        0.122905        0.127987        0.125854        0.130422        0.126622 
       0.131718        0.125243        0.123164        0.121641        0.126787        0.135877        0.124696        0.129417        0.127253 
         0.1229        0.125156        0.122521        0.131033        0.127606        0.130246        0.123038        0.130213        0.121521 
       0.117546        0.120867        0.119626        0.114976        0.129579         0.13674        0.126407        0.129079        0.130249 
       0.124001         0.12555        0.123077        0.115239        0.113787        0.108005        0.114711        0.109729        0.110535 
       0.118294         0.11717        0.123113        0.118851        0.121769        0.118696         0.12361         0.11785        0.120216 
        0.12045        0.123774        0.118659        0.123436        0.119338        0.122482        0.119239        0.122404        0.123229 
       0.122428        0.127278         0.13374        0.129163        0.126814        0.134069        0.124941        0.125522        0.118239 
       0.112158        0.122361        0.123294        0.123294        0.123294        0.123294        0.123294        0.123294        0.123294 

bb.hodotdc.meantime_offset = 
        1.91815       0.0470204         2.22946       -0.890921       -0.648204        -2.01234        -1.68437        -4.43481        -3.38608 
      -0.916119        -2.61497        -2.98129        -1.06184         -2.6658        -2.71605        -2.95855        -2.15529        -1.42567 
       -1.27161        -1.99275        -2.68635        -2.72388        -1.04421       -0.286756         -0.2831        0.188672       -0.198075 
       -0.10481       -0.319624       -0.126633       -0.177432        0.360742        -1.28696        -1.92189       -0.454191        -1.38033 
       -1.00134        -1.36426       -0.919482       -0.477365       0.0221215        0.910249        -1.19246        0.237502        0.123559 
      -0.126059        0.428721        0.601817       -0.499105        -1.27814         -1.0441        -1.18894        -2.38832        -1.48238 
      -0.443446       -0.542047        0.488404        -1.17515        -1.80441        -1.18443        0.638853       -0.639153        -0.17651 
        1.04258        0.137731       -0.773435        0.681524      -0.0709527       -0.285182        0.475964        0.936394         2.11815 
        1.82502         3.38453         2.34946         2.05793         2.05271         3.74936         1.72135         2.71875         1.91658 
        2.16554         1.86024         2.46671         2.46671         2.46671         2.46671         2.46671         2.46671         2.46671 

bb.hodotdc.rf_offset = 
        1.33264        0.585816               0         2.75702         2.41628         2.32701         2.43423          2.1959         2.22093 
        2.39757         2.44797           2.414          2.5693         2.58429         2.60768         2.60253         2.58407         2.31368 
        2.35621         2.12946         2.05699          2.0259         1.94278         1.77223         1.71593         1.75062         1.57469 
        1.55054         1.52935         1.49305         1.05653         3.27645         2.67987         3.33414         2.65481        0.942785 
       0.849985          0.7152        0.774731        0.695035        0.528206        -0.34977        0.513333        0.567476        0.425518 
       0.519476       -0.208408        0.344911        0.429854        0.293691        0.270759        0.255051        0.303227        0.318416 
       0.294444        0.492823       -0.477465        0.381322        0.425405        0.386312        0.321836         0.54676         0.66786 
       0.726485        0.699056        0.597547        0.584687        0.542348        0.600741        0.473089        0.561139        0.558886 
       0.540734        0.553837        0.514002        0.481785        0.514552        0.397909        0.575055        0.497853         1.50855 
        1.71844         1.86033               0               0               0               0               0               0               0 

bb.hodotdc.tdiffoffset = 
              0               0               0               0               0               0               0               0               0 
              0               0               0               0               0               0               0               0               0 
              0               0               0               0               0               0               0               0               0 
              0               0               0               0               0               0               0               0               0 
              0               0               0               0               0               0               0               0               0 
              0               0               0               0               0               0               0               0               0 
              0               0               0               0               0               0               0               0               0 
              0               0               0               0               0               0               0               0               0 
              0               0               0               0               0               0               0               0               0 
              0               0               0               0               0               0               0               0               0 
sbs.hcal.meantime_offsets = 
        -2.5978        -1.77972       -0.313041       -0.575695       0.0415474       -0.896549        0.478215       -0.303818       -0.269482      -0.0605253        -0.13945         -2.9116 
        -1.1001      -0.0632193       -0.132269       -0.649614        0.366701        0.780269        0.707533       -0.249142       -0.998805        -1.57555        -2.01878         3.99134 
       -3.24095       -0.427402         1.73413        -1.21154        0.310039         1.72057         1.77007       -0.757191        0.714783         1.01963        -1.23928         0.55358 
       -2.22958      -0.0297677         1.26933       -0.374386        -1.02075       -0.605465        0.258925      -0.0569777        0.146867         1.63246        0.638354         1.14763 
       -1.74546       0.0445234       -0.133105        0.373715       -0.406741         1.38108         3.17267         1.58023       -0.461257         1.95394        0.346753         3.68458 
       0.878352          1.6592        0.998227        -1.62319        0.531043        0.703401         2.35743        -2.67535        -1.67144        -1.64743       -0.151013        0.651689 
        1.69069         4.06267        0.588925         1.64358         2.69603        -6.24179          1.7936       -0.339542        -1.40347       0.0596695         1.65809        -3.39693 
       0.239373         2.59457         2.18073         2.37453          2.0706          1.6088        0.966205          1.1671       -0.300231       -0.909688        0.510458        0.508432 
        3.27317        0.640887         1.02569         3.10627         1.00827       -0.456352        0.386853        0.469417         1.17291        0.989798       -0.145832        0.800446 
        1.78501         1.30713         1.95591        0.334016         2.60452         3.67291       -0.582962        0.349862       -0.457712          2.7449       -0.238884         6.04141 
      -0.899712        -3.23284         2.98171         1.16808         1.63603        0.329381         1.36252       -0.679002         1.32646        0.612696        -2.99402        -2.48756 
        1.62469         1.44839        0.795679        0.458469         1.71039        0.510905         2.86655         1.21353         1.06838         1.66583          2.3499          1.6574 
        7.88916         3.00209       0.0104298         1.81579         2.01241         1.95495         1.16873          1.3262         1.19112        -1.16446        0.633703        -2.92759 
       -1.55277          1.0909        -2.08343        0.496217         1.62239         1.91926        0.758732         1.47585             2.5         3.06176        0.578254         2.31611 
        2.06501        0.515737         1.20423        -0.66228        0.147667      -0.0827981           1.421         1.38871        0.961998       -0.756818        0.778942         1.94205 
      -0.286405        0.409894        -3.41641        -1.77025         1.36342         1.79828        0.907076        0.474998        0.742427         2.76275        0.417791        0.797807 
       -2.40081         1.79725       -0.397133        0.997958         1.71894        0.113307         1.82793        0.490707        0.185469        0.800822         4.48615        0.256664 
      0.0663183        0.268417       -0.898574        -1.92398        0.146416        0.439087         2.17801       -0.231896          1.4207        0.670929        0.434917        0.490981 
      -0.840215        -8.13578         1.94974        0.129171        0.599338       -0.323976         0.36491         1.52865         1.62782          1.2868         1.39664          1.7687 
        1.95951        0.929079        -1.23199        0.974858        0.702713         3.14199        -1.81619         1.82483       -0.119344        0.549973         1.37295         5.00881 
        3.49301         1.37697        0.625527        -3.63316        0.625527         1.46314         1.21881         2.12363         1.21555        0.655225       -0.770229        0.213169 
        2.18257        -6.18009        0.726014         1.53945       -0.802506         -3.8136        -4.73753         1.81352         2.86548         1.75701       -0.941141        0.623638 
       0.603479         1.61219        -1.91589        0.532285        -2.57435        -9.84263        -1.70397        -2.46585          1.9922        -2.29495        -2.61592        0.295014 
       0.679598       -0.373288        0.299631         3.48639      -0.0154478         2.91739         2.54307         1.07537            4.51         2.67918       0.0136724        0.821564 
sbs.hcal.w0 = 
     -0.0100661     -0.00616543      -0.0507447      -0.0309949      -0.0306517      -0.0127334      -0.0244059      -0.0122839     -0.00923454     -0.00808504     -0.00567427       0.0151901 
     0.00362564     -0.00226562    -0.000976451      0.00237352     -0.00147144     -0.00228569     -0.00163484      0.00280619       0.0060894      0.00798829      0.00956837        -7.75272 
        3.15613       0.0173252        -4.63748    -0.000542732       -0.324408        -4.89815        -4.53513        0.041256         -3.7482        -7.58039         3.55973         -3.9648 
       -1.17557      -0.0787342        -3.36101       -0.902072         2.11169         2.27243       -0.523723        -1.21833        -3.58682        -5.93368        -1.79547        -1.48436 
        2.84654        0.697693        -1.15945        -2.77032         1.37018         -3.5424        -8.64144         -5.5698        0.916221        -8.23519        -1.53897        -9.11167 
       -2.69268        -3.54045        -1.01615         4.75007      0.00612914        -1.79496        -3.92952         5.73147          2.2822         2.49475        -2.25828          -5.866 
       0.314576        -4.59875        -3.33316        -4.66506        -3.37612          7.3231        -2.17112         2.56715         3.42251       -0.766185        -4.17654         4.62536 
      -0.439296        -1.54589        -2.19773        -2.76874        -2.53999       -0.939614       -0.723573       -0.123598        0.321022         2.01998       -0.760568        -10.2369 
       -7.00705        0.574399        -1.68305        -3.29293       -0.156868         3.23829          -0.196         3.47247        -2.04669       -0.176886       -0.451214         2.75279 
       -4.31172        0.510021        -2.76744        0.114363        -1.88267         -4.4855         3.07164         1.74556         2.29513        -4.09438         2.53498        -7.39538 
        3.64336         4.52026        -7.29848        0.374303      -0.0635654          1.6602         0.50813          4.9887        -1.45549         1.51108         3.76816         11.9217 
       -1.26762         -0.4982        -1.76889       -0.182663       -0.119327        -1.92855        -2.63197       -0.373533       -0.938548       -0.765257        -2.79128        -3.62983 
       -6.35367        -1.48538         1.83831        -2.56723        -2.59665        -4.07321         1.48127        0.781313        -0.91096         2.95807         1.91468         7.40336 
        2.14532        -1.16467         3.39122         3.13763        -3.60982        0.468285        0.562706       -0.945349        -3.72007        -3.23362         3.02679        -3.79109 
        3.90383       -0.961124        -0.34859         3.18056         5.14716         3.19545        -3.59068        -1.55797        0.306403         4.77124       -0.997139        -2.30024 
       -1.26207         2.58631         8.34515         1.46894        -2.24093       0.0295937        0.352322       -0.557752        -2.51599        -4.53593         1.62975        0.663516 
         4.3565        -4.10687        -2.99857         -2.1512        -2.00142         2.21264        0.822376        -1.93974         3.04969        -2.27108        -6.22387         3.40184 
         3.3704         3.67176       -0.897497         1.73971         2.12003         2.27496        -1.41965         4.07491        -2.34645         2.59444         2.81768        -2.03774 
        10.1857         9.85662        -1.65071         1.81365         1.23443         0.62719         1.42431        -0.66512        0.212288        -2.55506          -1.142         -1.4397 
      -0.695109        -5.45393         5.16538       -0.304949        0.315269        -5.53468         8.58966     -0.00961779       -0.454057       -0.853979       -0.738009        -9.29258 
       0.419057         2.02887       -0.368832         8.03316       -0.368832        -2.51528       0.0663427        -8.07053        -2.14805       -0.961816         2.27443        -2.93086 
       -1.92351         28.7745        0.166075        -7.83601        -1.19274           7.582         10.9996        -2.05219         -8.7811        -1.93124        0.458911        -11.5389 
       -2.18901        -9.40069         7.62512         2.60356          13.989         20.3335         4.68475        -1.24755        -6.85029       0.0677201         5.23336        -1.19397 
       0.640798       -0.813767         2.86356        0.716715        0.412497        -2.68318       -0.745439        -1.85621        -10.0235        -6.27292       -0.761865        -4.50977 
sbs.hcal.w1 = 
         1.1678        0.880372         1.07029        0.905147        0.465661        0.918866        0.654516        0.903634         1.01457        0.764835        0.680193        0.551337 
        1.29627        0.915408        0.837166          1.0237        0.743944        0.598249        0.559775        0.135794        0.695477        0.871948        0.946636       -0.862586 
        1.32275        0.769445        0.558129         1.01066        0.662017        0.443559        0.297577        0.781101        0.542762        0.530296        0.497309        0.322403 
        1.74796         1.00062        0.588017        0.964357        0.994587        0.749065        0.747283        0.840893        0.862086        0.538442         0.68043        0.242021 
         1.7856        0.893768         1.16762        0.948362        0.913701        0.485632        0.315107        0.607988        0.985482        0.534615        0.721935         0.12032 
       0.975802        0.632326        0.777808         1.35362        0.854165        0.838522        0.335936         1.42242         1.25816        0.973591        0.900284        0.401723 
     -0.0511576      0.00266993        0.183505        0.175507        0.315635         2.99979        0.618007        0.972453         1.44012        0.991352        0.419157         1.17979 
        1.22144        0.586613        0.752558        0.753503        0.529792        0.512011        0.813602        0.712807         1.14442         1.11949        0.843615         1.13805 
        0.53339         1.16332        0.937478        0.683216        0.969015         1.16778        0.898328         1.03946         1.04445        0.976601         1.22466        0.446176 
       0.341588        0.985761        0.831929         1.22811        0.661259        0.384185         1.19206         1.04575         1.29051        0.611889        0.994234       -0.324353 
        1.08953          1.6365        0.554289         1.25401        0.745785         1.02628        0.848199         1.18517        0.871862         1.13419         1.16647        0.812771 
       0.634024        0.921183         1.06127         1.14258        0.879393        0.737774        0.543482        0.838708         1.00954        0.931946        0.747081        0.470299 
       -1.33034        0.156187        0.893799        0.663839        0.398104        0.528067        0.847878        0.997601         1.09035         1.34662        0.908217         1.25391 
        1.64529         1.01559         2.35439        0.952979        0.454712        0.833761        0.846797        0.894919        0.675299          0.5858         0.90778        0.363149 
       0.196831         1.01221        0.884244         1.34228         1.13504         1.04983        0.585359         0.84117         1.01477        0.695132        0.965544        0.317085 
        1.36526         1.27777         2.01263         1.75213        0.973392        0.758717        0.998999         1.12563         1.00113        0.569908        0.975218        0.662715 
        1.48538        0.331322         1.17507        0.712742        0.719872         1.13981        0.854898        0.610104         1.01463        0.646478         0.35542        0.316633 
       0.863005         1.18982         1.85775         1.53744         1.25437         1.00933        0.718755         1.27293        0.887885        0.913321         0.97337        0.622918 
        0.73976           3.669        0.982296         1.20109         1.09147         1.02319        0.871285         0.86877        0.716407        0.879485        0.895736        0.318238 
       0.179831        0.620493         1.15548         1.03543         0.99206        0.303483         1.29974        0.499447         1.17231         1.17399        0.761958       -0.260513 
      0.0230572        0.897663        0.865199         1.42296        0.865199        0.692719        0.757245        0.359631        0.824814        0.934181          0.9645         0.47121 
       0.622934         1.59007         1.15764        0.761504         1.05372         1.58916         2.14056        0.572967        0.490556        0.445079         1.29248         0.58083 
       0.928996        0.829385         1.31438         1.03156          1.2898         2.22066         1.08821         1.11972        0.436762         1.44424         1.36509        0.781265 
       0.601024        0.776734        0.774392       0.0186947        0.661577          0.3083        0.529095        0.463962       0.0146979        0.182585        0.777081        0.610868 