26.3	3.310205999719858	3.3252200963401024
26.32	3.2932569368225795	3.2932569368225795
26.33	3.3382564869643816	3.3382564869643816
26.37	3.3053972034338415	3.3202849733010305
26.38	3.2744299320804213	3.2744299320804213
26.39	3.2885975720974643	3.2885975720974643
26.4	3.3332184575461925	3.3492867292283637
26.44	3.3005966208398103	3.3153580357931167
26.45	3.269942528633124	3.269942528633124
26.46	3.283946310685971	3.3441692731027066
26.47	3.253796042801527	3.3281884489596116
26.49	3.358296458001554	3.358296458001554
26.51	3.295804264256973	3.3104392973524637
26.52	3.2654629810599993	3.2654629810599993
26.53	3.279303164302934	3.3390595419336395
26.54	3.249502298669572	3.323166476531835
26.55	3.3531228670871673	3.3531228670871673
26.58	3.231439869530408	3.3055287715897945
26.59	3.260991301084474	3.260991301084474
26.6	3.3339575533395824	3.3339575533395824
26.61	3.2452160308493956	3.3652849464084094
26.62	3.3479565825607525	3.3479565825607525
26.65	3.2273604035726837	3.300626472188196
26.66	3.2565275004877505	3.2565275004877505
26.67	3.32886332500898	3.3600780925097196
26.68	3.2409372516492794	3.313146701828281
26.69	3.3427976247260847	3.3427976247260847
26.72	3.2232879104892005	3.295732412900914
26.73	3.2074588377241913	3.252071591106992
26.74	3.323776874697964	3.354878014979001
26.75	3.236665973424253	3.370264468587366
26.76	3.3376460139514106	3.3376460139514106
26.79	3.2192224036787915	3.2767173469056736
26.8	3.203612957061441	3.290846607549108
26.81	3.318698220228461	3.3496847370687086
26.82	3.232402208574431	3.365046590475857
26.83	3.332501770667282	3.332501770667282
26.86	3.2151638965747367	3.2151638965747367
26.87	3.199773433245983	3.344498282089527
26.88	3.2431834936107578	3.3598348608122404
26.89	3.228145969543456	3.256209572378979
26.9	3.298177698262147	3.3273649153643805
26.91	3.181962267064996	3.181962267064996
26.93	3.2111124026433076	3.373259490311965
26.94	3.1959402811734585	3.3393186734082896
26.95	3.2387513294329207	3.354629305913308
26.96	3.2238972688168017	3.251615365763761
26.97	3.293204268628682	3.322235468591313
26.98	3.1783677547719518	3.1783677547719518
26.99	3.3680520041071134	3.3680520041071134
27.0	3.2070679353825082	3.2070679353825082
27.01	3.192113515762086	3.3341459344459263
27.02	3.234327104342699	3.349429952148426
27.03	3.219656118920206	3.219656118920206
27.04	3.247029357931657	3.317113450952761
27.05	3.174778884656897	3.3628499558727376
27.07	3.203030508320353	3.203030508320353
27.08	3.188293151950683	3.3442368259375694
27.09	3.229910830429713	3.2984619193693994
27.1	3.2154225324180237	3.3119988831068246
27.11	3.1711956733981896	3.2832818613761505
27.12	3.155070251044859	3.3576533749503277
27.13	3.374305717689562	3.374305717689562
27.14	3.184479204697695	3.3238211596196834
27.15	3.2530452922572013	3.339049953749373
27.16	3.2255025198286775	3.2934225135721644
27.17	3.21119652191162	3.3068917857632663
27.18	3.1676181376851953	3.352462290730098
27.19	3.1517431786719503	3.369129053380647
27.21	3.1806716889801887	3.333869362099174
27.23	3.221102184717634	3.288391011799433
27.24	3.206978100037905	3.301792179681281
27.25	3.1484209513156833	3.363957050587203
27.28	3.1768706197923104	3.3286950775470916
27.3	3.243634849930872	3.256878254510377
27.31	3.2167098373161327	3.358789741481961
27.32	3.145103587587231	3.268459619166952
27.33	3.2287675590076255	3.2287675590076255
27.35	3.1730760121442207	3.373449036645601
27.36	3.1269123746154595	3.1269123746154595
27.37	3.238942190549225	3.353627158285531
27.38	3.1417911061000816	3.336922312877315
27.39	3.1985640729031695	3.1985640729031695
27.4	3.224222728944205	3.2635353007477983
27.41	3.318365536189812	3.36832250252822
27.42	3.1238669432388333	3.303255082638242
27.43	3.1829494514081498	3.1829494514081498
27.44	3.2342579231312456	3.34846933326468
27.45	3.138483525469116	3.2865385172936716
27.46	3.194368493078618	3.194368493078618
27.47	3.219686171532931	3.363199804748661
27.48	3.3132103327112508	3.3132103327112508
27.49	3.1208254950615113	3.298131091606694
27.5	3.178954551140645	3.3433162987305978
27.51	3.3265903520002515	3.3265903520002515
27.52	3.1351808643096835	3.281469084764449
27.53	3.1901805527564457	3.3580809779740424
27.54	3.215157899240264	3.2537114039805175
27.55	3.1177880506365674	3.3080615429800084
27.56	3.1617311087542483	3.3381680870371655
27.57	3.174966786495229	3.321432867686173
27.58	3.131883141236621	3.131883141236621
27.59	3.146273045591822	3.3529660569222965
27.6	3.1860002647267325	3.370744376764772
27.61	3.2488118579885175	3.302919193750853
27.62	3.1147546305141702	3.3330247305792113
27.63	3.097626301517293	3.1579624976436564
27.64	3.170986171190803	3.3162810870163715
27.65	3.1285903748633443	3.347855076360512
27.66	3.1427357067029846	3.365686052511297
27.67	3.1948683463221523	3.1948683463221523
27.68	3.1117252552406565	3.2977833118116697
27.69	3.094874714045672	3.3278862617907587
27.7	3.154200423320512	3.3111350397050283
27.71	3.1670127189638184	3.3606307080846287
27.72	3.125302583800878	3.139204177143579
27.73	3.2533933482402038	3.2533933482402038
27.74	3.108699945357745	3.2663064456074835
27.75	3.0921262022729072	3.3227527131432995
27.76	3.201622918315304	3.277705953677987
27.77	3.150444900865156	3.3555783801837884
27.78	3.122019786656919	3.1630464435668855
27.79	3.1356784736541568	3.1356784736541568
27.81	3.0893807885636138	3.31762411714391
27.82	3.1735054426735982	3.2875310571086147
27.83	3.2341630245731987	3.3505291055657827
27.84	3.1466959453653587	3.1971279119175837
27.85	3.1187420020348644	3.1590873587673967
27.86	3.132158612975577	3.132158612975577
27.87	3.102661603901993	3.3662545323873347
27.88	3.086638495278343	3.3125005063338993
27.89	3.169355892210502	3.3454829210440074
27.9	3.2675362146378606	3.2957315955330606
27.91	3.142953571915084	3.229296736005172
27.92	3.1154692485328783	3.155135478346144
27.93	3.0673562653199222	3.3612811904882363
27.94	3.0838993447727723	3.3073819132864335
27.95	3.2385147456436796	3.340439863486703
27.96	3.1775401921598556	3.290608779411269
27.97	3.165214058348397	3.262462136355065
27.98	3.112201544742914	3.3563099575987962
27.99	3.064908631779007	3.1881629558001565
28.0	3.081163359396848	3.335399969815318
28.01	3.3022683706051708	3.3022683706051708
28.02	3.233571400092983	3.3172738960146826
28.03	3.197087479698964	3.2854918456636173
28.04	3.16107995400968	3.3513408718854385
28.05	3.062463140306031	3.219589240968936
28.06	3.078430561493981	3.3303632770029634
28.07	3.0936350953259546	3.29715991092242
28.08	3.3121914761434623	3.3121914761434623
28.09	3.2411888397101603	3.3463739715840353
28.1	3.2286361798942593	3.280380824169417
28.11	3.0600198148159303	3.252335682199689
28.12	3.1056813606301152	3.3253298220727396
28.13	3.075700973400172	3.292056566897326
28.14	3.1181379331388617	3.3071132764698463
28.15	3.3414092949984284	3.3414092949984284
28.16	3.236188527775942	3.2752757448290164
28.17	3.057578679222991	3.3600489718442783
28.18	3.1024289174515474	3.320299642096149
28.19	3.0729746174431964	3.1646292068038577
28.2	3.087638331236436	3.3364468804988565
28.21	3.114647537564207	3.174778353833377
28.22	3.055139757440028	3.355176026294082
28.23	3.2569323026721877	3.2701766375619714
28.24	3.218790190196725	3.3152727741913783
28.25	3.0362514992365854	3.242238324748696
28.26	3.084646283132878	3.331486766520431
28.27	3.124340963976055	3.3503043208621657
28.28	3.0527030733775473	3.170333626082571
28.29	3.1354846250055797	3.1354846250055797
28.3	3.251855836300513	3.310249255522032
28.31	3.034115775755163	3.226211282873038
28.32	3.0959394216367846	3.3454338945433237
28.33	3.0816584849414874	3.2919043501400678
28.34	3.050268650942896	3.120638399990115
28.35	3.107684592736951	3.2002750398092568
28.36	3.1315762608273285	3.3052291232948585
28.37	3.0319812541701263	3.3215735941824036
28.38	3.0648151655297116	3.340564786417311
28.39	3.0786749571091856	3.286843382917455
28.4	3.0478365140394286	3.232170256432698
28.41	3.1169425237829054	3.1741321464816967
28.42	3.0298479595691314	3.300212414758554
28.43	3.1276751977525596	3.3356970356473337
28.44	3.062101961203449	3.241723140271932
28.45	3.0894705701277334	3.281786811871746
28.46	3.045406686565644	3.2666177263608223
28.47	3.22714726589656	3.22714726589656
28.48	3.0277159170474874	3.352202662629085
28.49	3.1007455543841957	3.311670086702915
28.5	3.0593921004996476	3.249840528185737
28.51	3.1570500406716895	3.2767346722821036
28.52	3.042979192414338	3.261545763401822
28.53	3.2113041819144326	3.3474441430197572
28.54	3.0255851517069137	3.325965763236664
28.55	3.109570895099229	3.1761003746279273
28.56	3.056685605678788	3.16500997230556
28.57	3.1858780991941185	3.244771730620076
28.58	3.0405540554717563	3.342686011641907
28.59	3.0234556886547823	3.3211023203261907
28.6	3.2063509044567757	3.3017765537377417
28.61	3.0044646395173076	3.217123492552688
28.62	3.105895172807026	3.105895172807026
28.63	3.0539824989871462	3.337928307634587
28.64	3.0381312996167154	3.316240392229121
28.65	3.0213275530032324	3.1810961044737343
28.66	3.002646600795194	3.2968336247088836
28.67	3.201405540608589	3.201405540608589
28.68	3.1894491738914046	3.3331710702405593
28.69	3.0512828026558725	3.0512828026558725
28.7	3.090382113520888	3.3113800185032107
28.71	3.0192007698682812	3.2918933058277973
28.72	3.0008288363747604	3.2751815338608865
28.73	3.0765953922479223	3.328414338804894
28.74	3.196468111687652	3.196468111687652
28.75	3.207129490241381	3.3065212387807845
28.76	3.0485865389001763	3.1845879236610064
28.77	2.99901137204241	3.286955636041924
28.78	3.120166887266698	3.323658152773487
28.79	3.060864610760232	3.2413116884419
28.8	3.0733897316021324	3.171557692809137
28.81	3.1394571345284334	3.301664092766567
28.82	2.9971942336042927	3.3427949364553293
28.83	3.0308775572357756	3.318902551691618
28.84	3.0835034250934235	3.265194455246914
28.85	3.057911546635107	3.236266778039747
28.86	3.0701893613603537	3.3381634850988555
28.87	3.1044229174401647	3.166801309083817
28.88	2.9953774468853616	3.314147575202454
28.89	3.028464564340494	3.2770883997877935
28.9	3.1971654518850485	3.26020648165482
28.91	3.0800732124206616	3.3335316007414777
28.92	3.054962915851511	3.2312273766461277
28.93	2.993561037728479	3.3093932630454495
28.94	3.0107076649011715	3.100573349537945
28.95	3.026054071785257	3.272158911451664
28.96	3.130711716500545	3.328899321966561
28.97	3.192194729479868	3.287102855079158
28.98	3.0766491095807287	3.304639655055244
28.99	2.9721501358223827	3.2261935171056066
29.0	3.0085880211633804	3.3242666874823272
29.01	3.023646103386141	3.1481812615704183
29.02	3.096731193403543	3.2822526423450133
29.03	3.25024185364394	3.25024185364394
29.04	2.970653380001277	3.2998867911594902
29.05	3.0064698806701324	3.3196337361205015
29.06	3.083983077317004	3.262308390022367
29.07	3.0212406829456797	3.196465268150177
29.08	3.1040213599406554	3.2774042628782625
29.09	2.969156001650011	3.295134711377793
29.1	3.1525836457821956	3.315000506834882
29.11	3.0043532685396954	3.1822759987678477
29.12	3.046143826287236	3.257387435318785
29.13	3.0188378342520052	3.1604067387240855
29.14	2.9676580267048034	3.2903834558200193
29.15	2.986299694153279	3.310367038699966
29.16	3.0890691716679837	3.1389443679305145
29.17	3.0022382098870595	3.3319084138558686
29.18	3.2524694036145427	3.2524694036145427
29.19	2.9661594811377556	3.3057333709094108
29.2	2.9844855610111347	3.0767335925241697
29.21	3.0542675095891525	3.327415303189991
29.22	3.2214637229509253	3.2214637229509253
29.23	3.0001247298230105	3.134339015111533
29.24	2.9646603909558595	3.301099542774922
29.25	3.143148276405429	3.2628705254624424
29.26	2.982671960812077	3.3229209809727056
29.27	3.0271426614368604	3.2303589271521185
29.28	3.051099267485162	3.2164675194764807
29.29	2.96316078220006	3.2964655937242835
29.3	3.091995376181132	3.318425484543677
29.31	2.9808589194981794	3.129742411481628
29.32	3.011644956298068	3.20110849676625
29.33	3.024478287476655	3.1894275831296084
29.34	2.9616606809442643	3.291831563300243
29.35	2.99590260587736	3.3139288513898078
29.36	3.145998757302704	3.2531912704304617
29.37	2.9790464630219047	2.9790464630219047
29.38	3.009252632153386	3.0880026246177974
29.39	2.9394626996216062	3.3094311191439094
29.4	3.0218175671724685	3.2666409513550723
29.41	2.99379401218812	3.2064898227785616
29.42	2.9772346173451605	3.2483547349148405
29.43	3.141212997795667	3.171566935310595
29.44	2.9382886837302555	3.304932325583329
29.45	2.9586591053872855	3.26189548830363
29.46	2.9916870974703436	3.215488456572182
29.47	3.11100366575935	3.243520314649179
29.48	2.975423408438355	3.3004325086289725
29.49	2.9371131960936	3.2779293809068526
29.5	2.957157683389967	3.1666086680244834
29.51	3.1364357200483797	3.2571511326392817
29.52	2.989581886800069	3.210539781528449
29.53	2.973612862279401	3.295931706343354
29.54	2.9359362621989433	3.319628003536222
29.55	2.9556558734983973	3.1527032537637667
29.56	3.0020918970706094	3.2524079251364935
29.57	3.058730339085388	3.2914299569296643
29.58	2.934757907588564	3.3152831708639185
29.59	2.971803004852793	3.268661582427063
29.6	2.9541537019366064	3.218128330287793
29.61	3.0662624228061763	3.247665906645436
29.62	3.046109855741619	3.3109364010618476
29.63	2.93357815785874	3.1478014682278777
29.64	2.9699938621485966	3.264027900403347
29.65	2.952651194955686	3.2006548804542096
29.66	3.011211661738644	3.3065877295746273
29.67	3.2429251180903025	3.2429251180903025
29.68	2.932397038658738	3.1865942629024215
29.69	2.9973318413733345	3.259394416894722
29.7	2.9511483788327717	3.2242045968525814
29.71	3.051577534515879	3.302237192016388
29.72	3.008569538889288	3.2381856004675873
29.73	2.931214575689834	3.171196215914212
29.74	3.122154964770946	3.2547611723079846
29.75	2.9949560146854406	3.2978848241698984
29.76	2.9496452798700346	3.2193813613261515
29.77	2.930030794704282	3.1023473559890618
29.78	3.0932810333372367	3.233447394844414
29.79	3.00593120116696	3.2935306619848346
29.8	3.0170433459395416	3.2689083497153186
29.81	2.9481419243936937	3.176676966700016
29.82	2.928845721504307	3.2145604847673015
29.83	2.906555818542407	3.289174741576943
29.84	3.0259499343052636	3.245495562030329
29.85	3.003296670379819	3.2644017274951405
29.86	2.9466383387529786	3.141925810343984
29.87	2.905703922060808	3.284817099226713
29.88	2.9769878106912646	3.1717260634914597
29.89	3.112677213342298	3.25989442938658
29.9	3.1936953505962156	3.1936953505962156
29.91	2.9048497674259584	3.280457771378106
29.92	2.9264718019138054	3.068106954221201
29.93	3.011279189617569	3.3060399873563098
29.94	2.9748952295480424	3.2553864946661046
29.96	2.903993379052488	3.276096794637291
29.97	3.107951219289006	3.301852083912638
29.98	2.9591554709972385	3.056348853423886
29.99	3.0474639009804387	3.250877962737691
30.0	2.9031347814311568	3.271734205771338
30.01	2.924093024296862	3.297661579242149
30.02	2.9421264646607543	3.096493286473312
30.03	3.139794253171886	3.2463688731313
30.04	2.902273999127857	3.293468506300752
30.05	2.995416137225204	3.209777488796102
30.06	2.9229018787358374	3.052428355929642
30.07	2.940622222279506	3.1185549695146055
30.08	3.0338178040856585	3.289272898234808
30.09	2.9014110567826314	3.263004339529019
30.1	3.134867720550211	3.1661924030408475
30.11	2.9217095967658713	3.20504802131594
30.12	2.9391178817895547	3.2850747883804488
30.13	2.9005459791086543	3.2586371364794755
30.14	3.0026686646963645	3.2177086981656036
30.15	2.9537480301935437	3.1742105779840517
30.16	2.920516204510193	3.280874210262447
30.17	2.8996787908912114	3.2542684699557447
30.18	2.9376134696567298	3.2328386554010593
30.19	2.9784058463788075	3.061986832180848
30.2	3.0193901473640348	3.276671197593137
30.21	2.9193217281337374	3.2498983775094485
30.22	2.898809516986712	3.228327732847595
30.23	2.936109012362673	3.180883829491315
30.24	2.964461386056403	3.2724657842713296
30.25	2.9875706484022833	3.2084508266866774
30.26	2.8979381823216173	3.2455268968449853
30.27	2.996952351841086	3.2682580043812073
30.28	2.873580360918239	3.1644896002797913
30.29	3.0325618689516833	3.176083295513631
30.3	2.9169296278801773	3.241154065818127
30.31	2.8970648118914486	3.2640478921911997
30.32	2.873047974511203	3.2193048534142497
30.33	2.9331000682902815	3.1861465803660884
30.34	2.9941014656365526	3.2912311977805437
30.35	2.896189430759726	3.2598354821528375
30.36	2.8725126196176056	3.146597215002418
30.37	3.028855471768532	3.287207649186202
30.38	2.946551876343503	3.1814255356196015
30.39	2.931595634544896	3.2556208088995824
30.4	2.8719743189551763	3.2831809034948742
30.41	2.991255452417957	3.0734954691737726
30.42	2.958225226369406	3.2102808638038143
30.43	2.9447554695109837	3.251403907245659
30.44	2.8714330953398997	3.2791509906535796
30.45	2.9133340029954433	3.1028158096882748
30.46	3.0162342333570438	3.1899436926824447
30.47	2.9980830105689456	3.275117940818866
30.48	2.8708889716850448	3.2236500004190862
30.49	2.8935514747884303	3.1368272346577455
30.5	2.912133573557453	3.1719889169785347
30.51	2.9666737208106486	3.271081784355945
30.52	2.8703419710001956	3.2192709906131904
30.53	2.8926683028089557	3.1450920479579128
30.54	2.9540782617046455	3.267042551837856
30.55	2.9109322442304784	3.2387401827078337
30.56	2.86979211639031	3.19674350767145
30.57	3.1120197445425615	3.2148908606766415
30.58	2.8917832464286928	3.263000274044583
30.59	3.0409670011467105	3.234514719165851
30.6	2.869239431054705	3.093113216275364
30.61	2.939372980244549	3.2589549819621744
30.62	2.890896331096964	3.176072186851574
30.63	3.0529531634643456	3.2302872039627304
30.64	2.8686839382860794	3.107128719518822
30.65	2.9085269917807413	3.2549067067817874
30.66	2.9240749103928687	3.2061273960477674
30.67	2.89000758232363	3.2260576729712436
30.68	2.8681256614695205	3.0957031085283666
30.69	2.979920520265451	3.250855479898791
30.7	2.9073231216723796	3.070949828978909
30.71	2.889117025678009	3.201744139520492
30.72	2.867564624081495	3.2468013329117817
30.73	3.153138735747218	3.153138735747218
30.74	3.032620645912986	3.06116803351751
30.75	2.9061184577016337	3.1973599191894797
30.76	2.8406832907477355	3.275288291047758
30.77	2.95734391098644	3.1377806530000014
30.78	2.934001132302013	3.1622095183354824
30.79	2.8404659268556207	3.271435366370209
30.8	2.866434361947667	3.2133573465650147
30.81	3.1741803154106893	3.1741803154106893
30.82	2.9195645879183876	3.267578722000655
30.83	2.8402449713763005	3.2346216903404663
30.84	2.8658651846024923	3.2091201145659674
30.85	2.886434765069181	3.263718384443431
30.86	2.840020444728911	3.169667907709918
30.87	2.918061658580588	3.230556182953355
30.88	2.865293341485024	3.259854380427922
30.89	2.8855372337779683	3.18420187026088
30.9	2.8397923674528225	3.2264879164687215
30.91	2.9416898261955713	3.255986736907923
30.92	2.8647188565132113	3.2006401858334423
30.93	2.8395607602067674	3.087628529165401
30.94	2.884638023314152	3.25211548106104
30.95	2.90129239522265	3.1234664567496053
30.96	2.864141753690159	3.134321535541314
30.97	2.839325643767944	3.2482406402880337
30.98	2.9150567266779266	3.218343237589626
30.99	2.8837371595804946	3.0609227867028443
31.0	2.8390870390311247	3.1437416726663487
31.01	2.9268564297098	3.2443622422121376
31.02	3.011530575748313	3.214266891375263
31.03	2.8828346685314106	3.171036574195311
31.04	2.8388449670077573	3.2404803146783876
31.05	2.8629797909221493	3.2101879184212896
31.06	2.98847147489816	3.0561728851679564
31.07	2.925073598022067	3.236594885752884
31.08	2.838599448825036	3.1666467183974065
31.09	2.862394979399577	3.206106352301332
31.1	2.897665817899333	3.2327059837220693
31.11	2.8383505057249647	3.1345152452276137
31.12	2.9539926496495066	3.162256217806339
31.13	2.861807646868366	3.2020222267803526
31.14	2.9850335338934353	3.2288136370919753
31.15	2.8380981590634464	3.073071393039258
31.16	2.8964557621208833	3.129904053947022
31.17	2.8612178177412977	3.2249178745874283
31.18	2.8378424303093075	3.1751593578282025
31.19	2.9215121279745597	3.258297116251983
31.2	2.90905131451593	3.2210187251512554
31.21	2.8606255165098076	3.1938464335443597
31.22	2.83758334104335	3.2546200031261847
31.23	2.973621836716218	3.0834366389664853
31.24	3.092072581766985	3.250938724445503
31.25	2.808006509049767	3.1108505219417166
31.26	2.83732091295738	3.099673606524464
31.27	2.878298715430896	3.2472533029309463
31.28	2.8080979307908547	3.1856608126127925
31.29	2.837055167853224	3.0633995007128294
31.3	2.859433596085918	3.2435637615400394
31.31	2.8081852340104683	3.162397721243066
31.32	2.946343833744908	3.1815644031712007
31.33	2.8367861276417474	3.239870123466475
31.34	2.8082684362707306	3.2053888445301792
31.35	2.936541581761306	3.236172412139765
31.36	2.8764738568457138	3.1774656408668713
31.37	2.808347555274793	3.2014732021494643
31.38	2.858232083058977	3.232470651224816
31.39	2.943802796309958	3.1114737657756115
31.4	3.1538828026949886	3.1733645607690195
31.41	2.808422608866073	3.2287648646215557
31.42	2.8576277913518253	2.9917321633838108
31.43	2.914406681806975	3.1200520773941824
31.44	2.8084936150275053	3.2250550764644537
31.45	2.874643326469339	3.0854381951365317
31.46	2.8891847371945505	3.1315080712368664
31.47	2.8085605918807617	3.22134131112209
31.48	2.8356774576998234	3.1651555883737994
31.49	2.955660732524871	3.145362516096994
31.5	2.80862355768545	3.217623593196672
31.51	2.8564122622481194	3.185778850682165
31.52	2.8353922743603555	3.161047767114882
31.53	2.8086825308383387	3.2139019475235084
31.54	2.9108631165825956	3.181847471128456
31.55	2.8558010749422715	3.087440533388309
31.56	2.8087375298725217	3.210176399170517
31.57	2.886757633710531	3.059369786476207
31.58	2.9838734390454076	3.177913037151108
31.59	2.834812446099712	3.2064469734376306
31.6	2.8087885734565927	3.152825633399636
31.61	2.957588499517796	3.1739755802384635
31.62	2.885543560019219	3.202713695856293
31.63	2.808835680393831	3.240342178031933
31.64	2.854571980564264	3.148711393039048
31.65	2.8709660953583924	3.1989765921887754
31.66	2.8088788696213265	3.236845061567529
31.67	2.8342201538699925	3.1283070878592176
31.68	2.8539541239897894	3.2333434124156066
31.69	2.8089181602091178	3.166091724587509
31.7	2.895568612335007	3.0975214941604143
31.71	2.8339193909430183	3.229837249269775
31.72	2.883114503214286	3.162145389849405
31.73	2.808953571359343	3.226326591067104
31.74	2.8691198186489624	3.1877425857420483
31.75	2.8336155808316486	3.222811456988043
31.76	2.808985122405325	3.1581961601741244
31.77	2.7756858333455745	3.183990439948112
31.78	2.8333087466744464	3.2192918664563512
31.79	2.7760781980719478	3.154244068066683
31.8	2.9286479865264816	3.2157678391389592
31.81	2.8520876210732298	3.1322341240673826
31.82	2.776466020171091	3.035344830680764
31.83	2.880684413237937	3.2122393949458496
31.84	2.867268718122311	3.0746915756813604
31.85	2.776849313850883	3.2087065540298787
31.86	2.8090568102000466	3.1727119483232564
31.87	2.7772280934788247	3.1463314275733976
31.88	2.8794690481042684	3.205169336786622
31.89	2.8090731167545404	3.168945190899301
31.9	2.777602373581462	3.201627763854142
31.91	2.9090732464134357	3.09195386563457
31.92	2.809085661807502	3.165174849529679
31.93	2.777972168843791	3.1980818561127666
31.94	2.832051635670278	3.138407732384544
31.95	2.7783374941086456	3.0202086962871775
31.96	2.8090944654601633	3.1945316346848625
31.97	2.907056542390857	3.115726132151549
31.98	2.7786983643760745	3.190977120934508
31.99	2.8090995479384095	3.157623527309445
32.0	2.9348852010134765	2.9998225284179614
32.01	2.779054794802696	3.1874183364672715
32.02	2.8091009295918203	3.153842603193032
32.03	2.779406800701055	3.183855303129828
32.04	2.8758219952213726	3.0941456788271458
32.05	2.9919656871208877	3.1500582085976028
32.06	2.7797543975389356	3.1802880430096447
32.07	2.9319414711665157	2.949278962779272
32.08	2.8482987151658614	3.0898715450259577
32.09	2.780097600938704	3.2215061886266656
32.1	2.830748015320884	3.103326414229856
32.11	2.9631134035866795	3.2181923321269084
32.12	2.7804364266765953	3.1731409319726596
32.13	2.8090830749330844	3.214873655226564
32.14	2.830415021337123	3.169561126431327
32.15	2.7807708906820143	3.2115501724440283
32.16	2.809069859221608	3.0699793744076205
32.17	2.781101009036791	3.208221898543269
32.18	2.8300792397470276	3.1348865070940284
32.19	2.9591055427258284	3.204888848534029
32.2	2.7814267979744827	3.1623891305361775
32.21	2.846377701956024	3.201551037672032
32.22	2.8297406946744936	3.15879698699152
32.23	2.7817482738795714	3.090911784404772
32.24	2.9859247307866696	3.1982084814591363
32.25	2.870958029207957	3.15520077798482
32.26	2.7820654532867413	3.1948611956434987
32.27	2.8806550105763256	3.086770439591937
32.28	2.8588848022116724	3.1915091962196933
32.29	2.7823783528800727	3.031537218341861
32.3	2.743850122853326	3.1881524994288375
32.31	2.8697419977607908	3.147996259816533
32.32	2.744534136699821	3.184791121758651
32.33	2.808950244963329	3.0019778612961088
32.34	2.7452132910471554	3.1814250799435286
32.35	2.8444399157487723	3.1158473292535716
32.36	2.74588759632758	3.0946418987333066
32.37	2.783291541842239	3.1780543909645873
32.38	2.8283593649011736	3.0111678179718937
32.39	2.7465570631485057	3.1746790720496616
32.4	2.78358749198115	3.0906485875700436
32.41	2.7472217022921206	3.171299140673319
32.42	2.828007367121181	3.1335395096990295
32.43	2.7478815247150306	3.1679146145568184
32.44	2.8088364167517934	3.086652996080952
32.45	2.7485365415478227	3.1299155276312725
32.46	2.784166827280696	3.1645255116680606
32.47	2.749186764094668	3.0556551230112685
32.48	2.8424860619609245	3.161131850221523
32.49	2.7844502477116926	3.100558719778217
32.5	2.7498322038328586	3.1577336486781356
32.51	2.808743367566335	3.1226559887289587
32.52	2.7504728724123786	3.0786551158977056
32.53	2.8418313292488726	3.1543309257451964
32.54	2.751108781655426	3.119020483874647
32.55	2.7850046833834807	3.1509237003761896
32.56	2.87323264863559	3.20186970364106
32.57	2.75173994355592	3.1987415294613637
32.58	2.78527573474802	3.0577411264869063
32.59	2.7523663702790224	3.195608326127001
32.6	2.9115070947482993	3.1440958193739603
32.61	2.7529880741605908	3.19247010392617
32.62	2.8085784887287506	3.1893268733898648
32.63	2.852311948015699	3.108091344423361
32.64	2.753605067706678	3.1861786452923506
32.65	2.8085168701607697	3.1372501622164823
32.66	2.754217363592972	3.1830254306516563
32.67	2.7860644426374948	3.1338207175736232
32.68	2.7548249746642193	3.1798672407300095
32.69	2.8084519595275643	3.176704087034307
32.7	2.7863192583627248	3.130386889374882
32.71	2.7554279139336715	3.173535981316498
32.72	2.9583611173530517	3.126948698291151
32.73	2.756026194582478	3.1703629355739884
32.74	2.860017367577534	3.073687628405095
32.75	2.756619829959082	3.1671849620500314
32.76	2.786816872185858	3.0299742544553654
32.77	2.9313046647405194	3.1640020732340477
32.78	2.7572088335785905	3.160814281861992
32.79	2.787059708333225	3.089802317059732
32.8	2.7577932191221324	3.1576216009166322
32.81	2.8810948912189565	3.0659843145026455
32.82	2.7872985895599722	3.1544240436278472
32.83	2.7583730004362152	2.9402516447160063
32.84	2.8081598498660734	3.1512216234729036
32.85	2.712620553057129	3.109693040152186
32.86	2.7135856329178263	3.148014354176676
32.87	2.80807881991776	3.1062291194960068
32.88	2.714545645859683	3.144802249711884
32.89	2.7877645648106744	3.0582699937013014
32.9	2.715500598204939	3.141585324299293
32.91	2.7164504964627496	3.0751066782290106
32.92	2.7879916979407526	3.138363592407872
32.93	2.717395347329057	3.099288666678002
32.94	2.835866301089746	3.1351370687549682
32.95	2.7183351576864108	3.0958121799830347
32.96	2.855160259909067	3.13190576830642
32.97	2.719269934603829	3.0345193650648037
32.98	2.720199685336604	3.1286697062766753
32.99	2.8351959584131277	2.994237695984737
33.0	2.7211244173261013	3.125428898128873
33.01	2.7886499166943683	3.088846801489944
33.02	2.722044138199538	3.1221833595749082
33.03	2.7628472142964453	3.181510834914287
33.04	2.7229588557697544	3.1189331065754535
33.05	2.7633862075804863	3.1785700040824394
33.06	2.7238685780349563	3.1756240128508773
33.07	2.724773313178456	3.1726728673095743
33.08	2.7639207440405387	3.1124185223268293
33.09	2.7256730695683733	3.1697165737837687
33.1	2.8075272005797447	3.166755138834729
33.11	2.7265678557573536	3.163788569260498
33.12	2.821643347516598	3.0748670857757205
33.13	2.7274576804822206	3.160816872096617
33.14	2.7894742037645224	3.1578400546168575
33.15	2.7283425526636647	3.154858124333884
33.16	2.7654977694377463	2.9635061495831505
33.17	2.7292224814058836	3.1518710889999446
33.18	2.8325007079133613	3.148878956607524
33.19	2.730097475996198	3.0960507240445696
33.2	2.8570042418778607	3.1458817353899646
33.21	2.730967545904694	3.1428794338220887
33.22	2.831823559117861	2.9914448680601167
33.23	2.731832700783781	3.1398720606207906
33.24	2.7670352550014266	3.136859624745597
33.25	2.732692950467814	2.940175974635971
33.26	2.8555366871158943	3.133842135399248
33.27	2.7335483049726172	3.1308196020281827
33.28	2.8069844086087476	3.082873983898424
33.29	2.73439877449505	3.1277920343230985
33.3	2.820049384084722	3.1247594422194065
33.31	2.73524436941254	3.0502495882429503
33.32	2.768533643265586	3.1217218358977177
33.33	2.736085100282582	3.076258517748342
33.34	2.790599007123656	3.1186792257842746
33.35	2.7369209778422317	3.1156316225513905
33.36	2.8067468590130646	2.9982475090232414
33.37	2.7377520130076056	3.1125790371178543
33.38	2.8192397887404033	3.023249222778179
33.39	2.7385782168733197	3.109521480649288
33.4	2.7699933889959296	3.1064589645585365
33.41	2.682110039704043	3.0195214047445944
33.42	2.6833444792489813	3.1033915005059907
33.43	2.6845737540562795	3.036097821282246
33.44	2.6857978660984547	3.100319100399901
33.45	2.741027954284521	3.097241776396668
33.46	2.6870168175423155	3.0325505268256165
33.47	2.688230610749118	3.0941595409011318
33.48	2.689439248274678	2.978683947015592
33.49	2.6906427328694478	3.0910724065669
33.5	2.83622030012411	2.986130043350747
33.51	2.691841067478619	3.0879803862961688
33.52	2.693034255242171	3.160505033334612
33.53	2.6942222994949043	3.157752522829995
33.54	2.6954052037664953	3.1549947959069016
33.55	2.835270068867581	3.149463701040368
33.56	2.696582971781479	3.1466903377737974
33.57	2.6977556074592584	3.1439117674445125
33.58	2.6989231149140567	3.141127992954779
33.59	2.8059666717409093	3.1383390174341503
33.6	2.700085498454895	3.1355448442403975
33.61	2.70124276258553	3.132745476960448
33.62	2.7473509436165635	3.0693264139481875
33.63	2.702394912004352	3.129940919411291
33.64	2.7035419516043038	3.1271311756408786
33.65	2.704683886472774	3.124316249928991
33.66	2.774145497213817	3.121496146788103
33.67	2.705820721891446	3.1186708709642126
33.68	2.7069524633361564	3.1158404274376736
33.69	2.749644417302706	3.1130048214239894
33.7	2.708079116476724	3.1101640583746004
33.71	2.70920068717676	3.0536496312323997
33.72	2.9124355220960108	3.107318143977641
33.73	2.710317181493473	3.1044670841587
33.74	2.711428605677436	3.1016108850815285
33.75	2.7924635909226803	3.098749553148754
33.76	2.712534966172349	2.913030376844208
33.77	2.713636269614781	3.0958830950026752
33.78	2.7526374346048974	3.0930115175255124
33.79	2.7147325228338897	3.090134827840636
33.8	2.7763086236170667	3.087253033312844
33.81	2.7158237328511357	2.978325041164968
33.82	2.7169099068799554	3.0843661415490087
33.83	2.7541063618540873	3.081474160398703
33.84	2.7179910523254422	3.078577097954738
33.85	2.7190671767839967	3.005749741429242
33.86	2.7771458585610884	3.0756749625537134
33.87	2.7201382880429446	3.072767762776536
33.88	2.7555570564439766	3.0283226584866463
33.89	2.7212043940801767	3.0698555074489144
33.9	2.7222655030637304	3.066938205641833
33.91	2.804776177547055	3.0640158666720136
33.92	2.723321623351361	3.021944810723282
33.93	2.847922371448276	3.0610885001023385
33.94	2.7243727634901282	3.0581561157422747
33.95	2.7254189322159132	2.92293276434427
33.96	2.7932128850147553	3.0552187236482293
33.97	2.726460138452958	3.0522763341239636
33.98	2.652422809058945	2.9369916450583964
33.99	2.653913945649611	3.049328957720881
34.0	2.6553999275197646	3.0463766052383794
34.01	2.6583564172224663	3.138924934223237
34.02	2.6598269206098664	3.133792087724025
34.03	2.6627524348267144	3.128638433109406
34.04	2.664207442398855	3.126053798651599
34.05	2.6656572817731417	3.12086890905291
34.06	2.6685414516022736	3.1156631858356305
34.07	2.66997578039319	3.113052510154992
34.08	2.6714049376589615	3.107815529603373
34.09	2.6728289230678537	3.1051892249651143
34.1	2.6742477364886796	3.102557711271524
34.11	2.6770698478453214	3.097279059597304
34.12	2.678473146523288	3.0946319236105566
34.13	2.6798712746978177	3.091979582558036
34.14	2.681264233243282	3.0866592917033753
34.15	2.682652023235597	3.0839913456893084
34.16	2.684034645952351	3.081318202187548
34.17	2.685412102872892	3.078639863660676
34.18	2.6867843956783757	3.0759563328003825
34.19	2.688151526251845	3.07326761252837
34.2	2.6895134966782543	3.070573705997242
34.21	2.6908703092444655	3.065170347927805
34.22	2.6922219664392624	3.0624609038569686
34.23	2.6935684709533216	3.0597462884636286
34.24	2.694909825679172	3.057026506067594
34.25	2.696246033711121	3.0543015612245425
34.26	2.782210547143605	3.0515714587267326
34.27	2.6975770983452003	3.048836203603776
34.28	2.6989030230790205	3.046095801123339
34.29	2.700223811611713	2.995436943735529
34.3	2.7015394678437428	3.043350256791833
34.31	2.7028499958767704	3.040599576355096
34.32	2.7041554000134806	3.0378437657990514
34.33	2.745313412834234	3.0350828313503273
34.34	2.70545568475739	3.032316779476875
34.35	2.7067508548126127	3.0295456168885666
34.36	2.7080409150836484	3.0267693505377573
34.37	2.709325870675126	2.9832495011285647
34.38	2.7690887363588126	3.0239879876198272
34.39	2.7106057268915342	3.021201535573715
34.4	2.7118804892369193	3.0184100020824225
34.41	2.713150163414588	3.0156133950734785
34.42	2.7839905209410962	2.9539115501082422
34.43	2.7144147553267817	3.012811722719424
34.44	2.7156742710743225	3.010004993438227
34.45	2.716928716956247	3.0071932158937074
34.46	2.7709703435400734	3.0043763989959125
34.47	2.718178099469426	2.9679101336514417
34.48	2.7194224253081627	3.0015545519015046
34.49	2.720661701363753	2.998727684014093
34.5	2.7945921915508714	3.116840257950291
34.51	2.7218959347240683	3.1144649494493652
34.52	2.723125132673083	3.102511570562609
34.53	2.7545431882549503	3.0928563611865227
34.54	2.7243493026903884	3.085560806784889
34.55	2.725568452450702	3.078218730215374
34.56	2.7554405795547057	3.0708300501431016
34.57	2.62365410845807	3.06587833999948
34.58	2.6339846429429454	3.0609058731893914
34.59	2.6407702838813703	3.0559126381751422
34.6	2.647474380854236	3.050898626859759
34.61	2.6524487469790037	3.0458638346227307
34.62	2.65573935097081	3.040808260354706
34.63	2.6590094073329236	3.038272680580789
34.64	2.66387590733536	3.0331859389494706
34.65	2.6670944845374756	3.030634779044935
34.66	2.6686960390206313	3.0255168876376852
34.67	2.6718836696852413	3.0229501594497066
34.68	2.675050651607567	3.0178011481100473
34.69	2.6766263959403633	3.015218869651337
34.7	2.679762386466154	3.01263141284789
34.71	2.6828777087210085	3.007440976146423
34.72	2.684427618495797	3.004838002802715
34.73	2.6859723607182686	3.0022298642244425
34.74	2.689046343805302	2.999616564276711
34.75	2.6905755858406906	2.9969981070611196
34.76	2.6920996626654623	2.9917457384194477
34.77	2.695132325318827	2.98911183638528
34.78	2.6966409139864944	2.9864727958683672
34.79	2.698144343121603	2.983828622162909
34.8	2.6996426146646337	2.9811793208035104
34.81	2.701135730764304	2.978524897565722
34.82	2.7026236937774	2.975865358466621
34.83	2.7055841710105377	2.973200709765331
34.84	2.707056690983139	2.970530957963528
34.85	2.708524069373896	2.967856109805914
34.86	2.7099863095773955	2.965176172280701
34.87	2.7114434151951143	2.962491152620031
34.88	2.7128953900351687	2.8975060649965227
34.89	2.7143422381120175	2.959801058300391
34.9	2.715783963646141	2.95710589704302
34.91	2.717220571063731	2.9544056768142677
34.92	2.7186520649963395	2.951700405825935
34.93	2.7200784502804987	2.948990092535608
34.94	2.7700054736301665	2.9462747456469467
34.95	2.7214997319573673	2.8666218679274986
34.96	2.722915915272263	2.943554374109968
34.97	2.724327005674305	2.9408289871212796
34.98	2.7257330088159137	2.9380985941243307
34.99	2.7271339305523687	3.081118460089574
35.0	2.7285297769413193	3.092130318454898
35.01	2.7299205542422813	3.094317758684015
35.02	2.7577035996220873	3.0076419707005093
35.03	2.731306268916087	3.000483748256139
35.04	2.7326869276243895	2.995685707882346
35.05	2.734062537229043	2.988449787611097
35.06	2.7354331047915594	2.98359992812238
35.07	2.7740477070959346	2.978729338266177
35.08	2.736798637572479	2.9738380218733482
35.09	2.7381591430307757	2.9689259864062385
35.1	2.7395146288231853	2.9639932429867852
35.11	2.624831332004625	2.961519110277833
35.12	2.6153068846597654	2.9565553338545727
35.13	2.607598648803382	2.951570893467485
35.14	2.6037151947236685	2.9490709316821753
35.15	2.59785358681892	2.9465658132499724
35.16	2.595890048877083	2.941540121105544
35.17	2.691392090413174	2.9390195553166416
35.18	2.694790194598597	2.936493848728708
35.19	2.698167654031306	2.9314270316244526
35.2	2.7015244644013383	2.928885930941251
35.21	2.7048606248346405	2.9263397091263093
35.22	2.708176137891515	2.923788371697256
35.23	2.709826153392289	2.9212319244130027
35.24	2.7131107076903294	2.916103724523606
35.25	2.714745249270359	2.913531984646566
35.26	2.717998869852088	2.9109551603712855
35.27	2.719617952917787	2.9083732586692386
35.28	2.72284067635614	2.9057862867554745
35.29	2.724444322069401	2.903194252088917
35.3	2.726042827692655	2.900597162372625
35.31	2.7292244316807652	2.8979950255540685
35.32	2.7308075370791967	2.8953878498253416
35.33	2.7323855164539657	2.8927756436233696
35.34	2.7339583738477793	2.8901584156300717
35.35	2.7355261135129085	2.8875361747725465
35.36	2.7370887399107215	2.825989473237533
35.37	2.74019867179232	2.996326297208129
35.38	2.741745987239734	3.009289351330383
35.39	2.7432882093459905	3.017830521327429
35.4	2.744825343610076	3.0241837870326407
35.41	2.746357395736791	3.030492204707241
35.42	2.7478843716361223	3.03675601274706
35.43	2.749406277422633	3.0409072256333456
35.44	2.750923119414777	3.0450388018946035
35.45	2.7524349041342404	3.0491508222002843
35.46	2.7539416383052444	3.0532433697763643
35.47	2.7554433288538207	3.0573165303551586
35.48	2.756939982907093	3.06137039212476
35.49	2.674245828301488	3.0654050456781317
35.5	2.660584704635611	3.0694205839618705
35.51	2.6526675436623823	3.0714212145543445
35.52	2.6446704174020694	2.8762402923977444
35.53	2.6386204305297682	2.8737944498528933
35.54	2.6345624170894877	2.868887450272452
35.55	2.6304847454633116	2.8664263048355925
35.56	2.6263874989792084	2.863960070434945
35.57	2.6222707642247123	2.861488753472518
35.58	2.618134631020218	2.856530898678301
35.59	2.613979192391192	2.854044374859113
35.6	2.609804544539244	2.8515527965037335
35.61	2.607710048078802	2.8490561712239084
35.62	2.6035067736442583	2.846554506873819
35.63	2.6013980216727814	2.8440478115501953
35.64	2.59716635466703	2.916069744969563
35.65	2.595043466782236	2.930917007585151
35.66	2.592915894390699	2.9413690842156592
35.67	2.590783651537851	2.9475794137413325
35.68	2.5865052115603673	2.953744265924244
35.69	2.584359043453652	2.959863830937916
35.7	2.5822082629191794	2.963918482289906
35.71	2.580052884922612	2.969963032897674
35.72	2.5778929246101754	2.973967881929133
35.73	2.5757283973074956	2.9779529332836154
35.74	2.5713857039236707	2.9819182616342563
35.75	2.5692075693798775	2.98389355377579
35.76	2.6888960440873992	2.987829443667764
35.77	2.6847291789609296	2.991745809230187
35.78	2.678441287552342	2.9936966965795873
35.79	2.674224393944686	2.997583934223035
35.8	2.6699876093410806	2.999520306521446
35.81	2.6657310078029903	3.0033786142665075
35.82	2.6614546668761	3.0053005726580952
35.83	2.6571586675705623	3.0091301569902598
35.84	2.6550033222836347	3.0110378067879298
35.85	2.6506779948305326	3.012940711159183
35.86	2.6485080350588293	3.014838882401861
35.87	2.6441535809992183	3.018621075415343
35.88	2.6419691103728367	3.020505122499469
35.89	2.63977982680555	3.022384487078425
35.9	2.6353868704685595	3.0242591821579636
35.91	2.6331832230267023	3.0261292208805295
35.92	2.6309748132978577	3.0298553824982566
35.93	2.628761654459611	3.031711532347084
35.94	2.6243211431832423	3.033563079742988
35.95	2.622093818115387	3.0354100384873206
35.96	2.619861798676689	3.0372524225082733
35.97	2.6176250990539236	3.0390902458592177
35.98	2.6153837336326755	3.040923522717065
35.99	2.6131377169963144	3.0427522673805947
36.0	2.6108870639249107	3.044576494268814
36.01	2.6086317893941713	3.0463962179192907
36.02	2.6063719085743373	3.0482114529864743
36.03	2.604107436829063	2.948802172311731
36.04	2.601838389714301	2.9506270433806745
36.05	2.599564782977156	2.9524471293231658
36.06	2.5972866325546997	2.9542624420034533
36.07	2.5950039545728307	2.956072993442259
36.08	2.5927167653450516	2.95787879581523
36.09	2.59042508137128	2.959679861451363
36.1	2.5881289193366244	2.9614762028314403
36.11	2.656613191902826	2.9650547634959348
36.12	2.585828296110136	2.9668370084865363
36.13	2.5835232287435743	2.9686145806302613
36.14	2.5812137344701336	2.970387493142924
36.15	2.5788998307031523	2.972155759382546
36.16	2.5765815350348444	2.9739193928477197
36.17	2.642561732243071	2.9756784071759923
36.18	2.574258865234976	2.9774328161422448
36.19	2.5719318392495483	2.90674943673155
36.2	2.569600475199462	2.979182633657038
36.21	2.5672647913791797	2.9809278737650065
36.22	2.6331013188764	2.982668550643192
36.23	2.564924806255363	2.9844046785994207
36.24	2.5625805384655007	2.986136272070629
36.25	2.560232006816521	2.987863345621237
36.26	2.6259580088402417	2.9895859139414886
36.27	2.5578792302834117	2.9913039918457853
36.28	2.555522228007799	2.993017594271031
36.29	2.6187740458517927	2.8759662174592
36.3	2.553161019296535	2.994726736274978
36.31	2.550795623620266	2.9964314330345543
36.32	2.6139623779120185	2.9981316998442056
36.33	2.5484260606120013	2.999827552114215
36.34	2.5460523500656533	3.001519005369063
36.35	2.543674511934577	2.8837119555733546
36.36	2.606711686362596	3.003206075245723
36.37	2.604286010196766	3.0048887774920185
36.38	2.6513074829756484	3.006567127964947
36.39	2.601855974921769	3.0082411426289943
36.4	2.599421599048702	2.857639554862352
36.41	2.646282257881936	3.0099108375544934
36.42	2.596982901274685	3.011576228915925
36.43	2.594539900481556	3.0132373329902657
36.44	2.6412393749394516	2.943157929811812
36.45	2.592092615734512	3.0148941661553152
36.46	2.5896410662807807	3.0165467448880228
36.47	2.6361789813877543	3.0181950857628266
36.48	2.5871852715482397	2.897366777677582
36.49	2.5847252511440186	3.0198392054499927
36.5	2.631101227662572	3.0214791207139426
36.51	2.582261024853152	3.023114848411583
36.52	2.579792612637112	2.8672087293949953
36.53	2.626006267355955	3.0247464054907494
36.54	2.5773200346324256	2.9542836619875787
36.55	2.6234523835851298	2.9558555786555
36.56	2.5748433111492197	2.9047963820036786
36.57	2.5723624626697834	2.957423175292448
36.58	2.618331908194876	2.958986468307977
36.59	2.5698775098470956	2.907737527311289
36.6	2.6157653569014543	2.960545474221173
36.61	2.567388473503358	2.962100209658957
36.62	2.5648953746285015	2.9106613267583485
36.63	2.6106197293452555	2.963650691354412
36.64	2.562398234378691	2.9651969361451216
36.65	2.6080406945324306	2.9135679129649894
36.66	2.5598970740748213	2.966738960971476
36.67	2.5573919152009723	2.968276782875014
36.68	2.6624660292132827	2.9164574204111524
36.69	2.5548827794029134	2.9698104189967327
36.7	2.6002789585146853	2.97133988657542
36.71	2.5523696884865172	2.8556213706345743
36.72	2.597683573863239	2.972865202945972
36.73	2.549852664416232	2.974386385537731
36.74	2.595084155610712	2.883122131579838
36.75	2.5473317293135103	2.975903451872797
36.76	2.544806905455221	2.857914430916471
36.77	2.626053311791356	2.977416419564375
36.78	2.542278215272078	2.978925306315077
36.79	2.6233396134515696	2.925024841766008
36.8	2.539745681347039	2.9804301299152876
36.81	2.6206219856834494	2.981930908241467
36.82	2.5372093264136972	2.9278474143022977
36.83	2.6179004517071043	2.983427659254503
36.84	2.5346691733546707	2.92925254895012
36.85	2.6151750349221157	2.9849204009980483
36.86	2.532125245199978	2.986409151596853
36.87	2.6397932772788377	2.932050605092962
36.88	2.5295775651253973	2.98789392925511
36.89	2.636942228915013	2.9334435629056648
36.9	2.527026156450841	2.9893747522548058
36.91	2.6340874963580116	2.990851638954072
36.92	2.5244710426387	2.8007060709544245
36.93	2.6675275643762255	2.9923246077855308
36.94	2.521912247292185	2.8669302657673974
36.95	2.677143370131376	2.993793677254649
36.96	2.519349794153664	2.9389753537098264
36.97	2.6478324560076483	2.9952588659381196
36.98	2.5635846588741695	2.996720192482193
36.99	2.625501449637606	2.899692320745127
37.0	2.5609348587286527	2.9981776756010814
37.01	2.5959904013141486	2.9009392361926887
37.02	2.558281346919728	2.999631334075301
37.03	2.5932347854617013	2.902182287825573
37.04	2.5556241476527024	3.0010811867500746
37.05	2.590475505211681	2.9034214950699315
37.06	2.5529632852854443	2.9458013962033784
37.07	2.6749547674085954	2.904656877432872
37.08	2.5502987843266727	2.9471549668248262
37.09	2.614003376822952	2.809883431211997
37.1	2.5849460521060257	2.948504702581945
37.11	2.5476306694342874	2.949850622663628
37.12	2.582175929946213	2.9071162459377016
37.13	2.5449589654136493	2.951192746329921
37.14	2.6082333828740847	2.9083402714835693
37.15	2.5422836972158596	2.9525310929103843
37.16	2.6053432404194923	2.9095605509526434
37.17	2.539604889936055	2.953865681802438
37.18	2.642472400474005	2.910777104231797
37.19	2.573844288535162	2.9551965324697096
37.2	2.5369225688116543	2.911989951278859
37.21	2.6393273333033265	2.9565236644404225
37.22	2.5342367592206347	2.9131991121209757
37.23	2.661365078534647	2.9578470973057307
37.24	2.531547486679776	2.8810680801302757
37.25	2.6177477507081197	2.959166850718114
37.26	2.6477426629848084	2.8821303470066466
37.27	2.5288547768428877	2.9604829443897214
37.28	2.6147218376352135	2.838543109841803
37.29	2.526158655499078	2.961795398090781
37.3	2.590842165652111	2.8581744008548506
37.31	2.5234591485709523	2.9631042316479688
37.32	2.5598888659678685	2.8590694598623476
37.33	2.6411820107349206	2.964409464942795
37.34	2.5207562821128513	2.885296206700595
37.35	2.585018750185542	2.965711117910003
37.36	2.518050082309053	2.920377796704976
37.37	2.5542830405760957	2.824971338700133
37.38	2.5153405754719924	2.9670092105359673
37.39	2.551475166091523	2.887389540331428
37.4	2.602587941485785	2.968303762857097
37.41	2.5126277880404513	2.888431098977647
37.42	2.548664019980943	2.9695947949582564
37.43	2.5099117465777683	2.8626175186950573
37.44	2.5458496295905864	2.970882326971166
37.45	2.6522410647693713	2.9250924314866875
37.46	2.5071924777700128	2.9721663790728368
37.47	2.5430320224015968	2.9262623840353315
37.48	2.50447000842418	2.973446971484001
37.49	2.5704047199570326	2.9274288955110346
37.5	2.5402112260281755	2.9747241244675426
37.51	2.5017443654663682	2.8925637774730864
37.52	2.5373872682157246	2.9759978583269397
37.53	2.499015575939946	2.844236112463011
37.54	2.6077266152164453	2.9297516784048874
37.55	2.534560176838975	2.977268193404727
37.56	2.4962836670037434	2.930907991518244
37.57	2.6045522450044536	2.8029897245113635
37.58	2.5317299799001103	2.866981862534272
37.59	2.5842996834756287	2.9320609469458905
37.6	2.528896705526901	2.8678455243508725
37.61	2.55865831594001	2.9332105656428453
37.62	2.5812418345513777	2.896643797818509
37.63	2.5260603819708014	2.934356868604251
37.64	2.555714294011869	2.897655737087797
37.65	2.5781812665180768	2.829133594968294
37.66	2.5232210376050626	2.9354998768637968
37.67	2.552767362739947	2.8986644934396746
37.68	2.575118010629479	2.9366396114921582
37.69	2.520378700922843	2.8996700886442697
37.7	2.5498175518579584	2.815263264205187
37.71	2.5918303978776995	2.937776093595432
37.72	2.51753340053528	2.9006725445065578
37.73	2.5468648912226706	2.9389093443135885
37.74	2.514685165169609	2.8034968594038694
37.75	2.5689835609126694	2.940039384818933
37.76	2.543909410811954	2.830655037866875
37.77	2.5118340236672307	2.902668125588994
37.78	2.565912430197106	2.941166236314555
37.79	2.540951140722776	2.849750637256901
37.8	2.508980004981793	2.942289920032807
37.81	2.5628387378474464	2.8738079579330766
37.82	2.5379901111692393	2.8504279998443014
37.83	2.506123138177277	2.9434104572337696
37.84	2.610141841224061	2.8746481200735015
37.85	2.5350263524805925	2.944527869203764
37.86	2.5032634524260557	2.8321560043926803
37.87	2.628715962871989	2.8754854467598308
37.88	2.532059895099236	2.945642177253809
37.89	2.500400977006978	2.876319960736365
37.9	2.5916999983669946	2.9467534027181426
37.91	2.5290907695787177	2.9076036721737535
37.92	2.4975357413034143	2.877151684766115
37.93	2.572678185176981	2.947861566952726
37.94	2.52611900658174	2.7473643690058873
37.95	2.494667774801336	2.9489666913337604
37.96	2.569478479032305	2.9095569899295985
37.97	2.5231446368781447	2.8336371482951934
37.98	2.491797107087362	2.9500687972562036
37.99	2.609800656723989	2.9105292581971542
38.0	2.520167691342905	2.9511679061323193
38.01	2.4889237678468192	2.8796303450536898
38.02	2.544344580596438	2.911498628833516
38.03	2.606257814815839	2.952264039390203
38.04	2.4860477868617963	2.9124651239414425
38.05	2.541253854663054	2.9533572184723393
38.06	2.5784315059980143	2.75486115692602
38.07	2.4831691940091893	2.9134287656386895
38.08	2.538160824899709	2.855756068701093
38.09	2.6968980984339934	2.8183724265518153
38.1	2.4802880192587615	2.9143895760565197
38.11	2.556658983463942	2.8564110763627903
38.12	2.5350655239940734	2.804558916762448
38.13	2.4774042926711775	2.9153475773382604
38.14	2.5717871808619557	2.7661525044017137
38.15	2.5319679847295435	2.8570637178606035
38.16	2.4745180443960577	2.9163027916378277
38.17	2.505245413921077	2.883707775462411
38.18	2.568462624681276	2.9172552411182786
38.19	2.5288682399831437	2.836542582007409
38.2	2.5022536674033664	2.884515416649509
38.21	2.634240066501803	2.9182049479503793
38.22	2.5257663227234017	2.837019733049122
38.23	2.4992595639527537	2.8853204962192267
38.24	2.6184944452725833	2.919151934311168
38.25	2.6474488951306183	2.85900768084662
38.26	2.522662266008254	2.886123037042011
38.27	2.496263135212428	2.9200962223825275
38.28	2.6353268969753687	2.859651093145305
38.29	2.6533589376023965	2.8869230619893154
38.3	2.493264412912451	2.921037834349786
38.31	2.744767839020838	2.860292256983889
38.32	2.572367954958661	2.8877205939322077
38.33	2.4902634288677263	2.921976792400291
38.34	2.53737150707024	2.805106941079298
38.35	2.6312725073094576	2.9229131187220427
38.36	2.5689271691934144	2.8204491428863734
38.37	2.4872602149759686	2.838908970946511
38.38	2.534150578137377	2.92384683550228
38.39	2.551817358278631	2.66644400064076
38.4	2.484254803215647	2.792232175834971
38.41	2.565485415115143	2.9247779649261214
38.42	2.5309279280247767	2.8622024929005736
38.43	2.5484840628727357	2.8053186767886533
38.44	2.481247225643948	2.9257065291751916
38.45	2.5620427308469824	2.862834898005881
38.46	2.527703591766243	2.706835824785851
38.47	2.4782375143947495	2.926632550426281
38.48	2.503994859130522	2.891671658863386
38.49	2.5933863777843733	2.8213164897133116
38.5	2.4752257016765564	2.9275560508499674
38.51	2.54181352251962	2.8924547128736253
38.52	2.5008767589156915	2.864093338777896
38.53	2.599328065622477	2.928477052609318
38.54	2.4722118197704805	2.893235433848583
38.55	2.49775678667369	2.864719421345212
38.56	2.5672448797392984	2.9293955778585303
38.57	2.658110046979935	2.8940138446061687
38.58	2.469195901028176	2.7801392216235024
38.59	2.494634976171863	2.865343443271519
38.6	2.535137960945571	2.894789967951548
38.61	2.466177977869827	2.8221711844877255
38.62	2.5147900883781533	2.8659654279617017
38.63	2.4915113612457804	2.8955638266758066
38.64	2.5317983892230633	2.7918024969675006
38.65	2.463158082782087	2.8224533845931012
38.66	2.5115578492956487	2.8665853988001144
38.67	2.488385975797123	2.8963354435546376
38.68	2.4601362483160534	2.7917153108330366
38.69	2.611049162364333	2.867203379149269
38.7	2.4852588537915574	2.8971048413470424
38.71	2.5565958727230553	2.8430530266015532
38.72	2.457112507085226	2.7594034872576794
38.73	2.5251158484092096	2.8978720427940297
38.74	2.482130029256614	2.8060297344780385
38.75	2.4540868917634806	2.843504913867105
38.76	2.553045731490973	2.8986370706173354
38.77	2.5217729532647177	2.823292229315704
38.78	2.478999536279591	2.8439551758857937
38.79	2.5630402048682663	2.8993999475181518
38.8	2.681747974412236	2.8690456105317557
38.81	2.5494954202860445	2.8235693394271766
38.82	2.4758674090054056	2.8444038364037754
38.83	2.5709404096824207	2.900160696175858
38.84	2.559392879434767	2.749374390318563
38.85	2.5944271611410206	2.8238452372310587
38.86	2.472733681634514	2.900919339246777
38.87	2.531023026004057	2.870264239553911
38.88	2.5672025335487696	2.7784688612414916
38.89	2.5557459653200283	2.9016758993629272
38.9	2.469598388420786	2.8708707661962087
38.91	2.52757314596786	2.8064174124916255
38.92	2.5829067096624625	2.791274460120975
38.93	2.6198109846141575	2.9024303991307967
38.94	2.466461563669394	2.8714754651683503
38.95	2.488892879543151	2.756741305801892
38.96	2.5241227577391023	2.903182861130122
38.97	2.6507916005974277	2.8720783596125847
38.98	2.463323241734714	2.8246658964141647
38.99	2.4856498406520773	2.9039333079126837
39.0	2.5484535339629906	2.806606796192963
39.01	2.5206718998616435	2.872679472638088
39.02	2.460183457018218	2.904681762001099
39.03	2.4824056125175953	2.7468006855832514
39.04	2.501695172212571	2.873278827319771
39.05	2.544808098150276	2.847063493142213
39.06	2.457042243966381	2.905428245887651
39.07	2.479160231004496	2.791006876949249
39.08	2.4983458206623674	2.8738764466970927
39.09	2.611484450547387	2.8475016049045383
39.1	2.4538996370685835	2.8254765054006614
39.11	2.51376892943463	2.7909173132688716
39.12	2.4759137320155236	2.874472353772886
39.13	2.494995695678672	2.847938303752777
39.14	2.450755670855017	2.8257445859106536
39.15	2.6428776986230202	2.875066571512207
39.16	2.4726661514892148	2.7908276043199938
39.17	2.4916448345792324	2.8483736130698167
39.18	2.4476103798945976	2.8069776100648536
39.19	2.5572878619689097	2.8756591228411676
39.2	2.469417525397719	2.721076520944311
39.21	2.521091578292118	2.8488075561924164
39.22	2.44446379879288	2.8762500306458105
39.23	2.5447977621959725	2.8262777050613708
39.24	2.563451927315158	2.7765327565726
39.25	2.466167889744661	2.849240156410081
39.26	2.4413159621899885	2.8768393177709823
39.27	2.4849410534243774	2.8265427907952647
39.28	2.5839069833037867	2.8496714369639786
39.29	2.462917280562989	2.763845353830273
39.3	2.4381669047585306	2.8774270070191976
39.31	2.4815882081181213	2.82680692526882
39.32	2.5139916991436744	2.850101421045828
39.33	2.4596657339128076	2.878013121149568
39.34	2.4350166612015376	2.763382705263907
39.35	2.4965059859026995	2.827070131884839
39.36	2.478234776190015	2.8505301317968397
39.37	2.5104421403025143	2.8785976828766686
39.38	2.4564132858792593	2.6987386755390532
39.39	2.5627791469517525	2.7417111997551684
39.4	2.4930527603580854	2.8509575923066413
39.41	2.4748807950582408	2.879180714869493
39.42	2.4531599725703783	2.7168226884911486
39.43	2.5518081001713377	2.6817314286138227
39.44	2.5193084006611706	2.879762239750359
39.45	2.4715263021544667	2.8075167881128205
39.46	2.529885693654	2.7408706985269884
39.47	2.4499058301149566	2.7508395126290086
39.48	2.5033439826271273	2.8803422800938603
39.49	2.590776958914566	2.7154130763210245
39.5	2.4681713349216667	2.8076049638701734
39.51	2.4466508946604275	2.762001027144298
39.52	2.5261611099551975	2.8809208584258204
39.53	2.499795463167479	2.7501917912456637
39.54	2.6557593845354632	2.7305168472596097
39.55	2.4648159308119353	2.8814979972222505
39.56	2.443395202370741	2.8526553918619646
39.57	2.5677248920396334	2.8283730619869125
39.58	2.496247369514499	2.7391965163085947
39.59	2.5509622986893823	2.8077800782864477
39.6	2.440138789424253	2.853076945631369
39.61	2.508392023541013	2.8286311895208383
39.62	2.530645311041311	2.7610853507762445
39.63	2.5401874225913392	2.712606443072233
39.64	2.458103961802687	2.8534973865557265
39.65	2.4368816920116316	2.8288885512980912
39.66	2.5470298777732117	2.774346485880701
39.67	2.504755136815936	2.7284695735091757
39.68	2.633441420598434	2.85391673733466
39.69	2.433623946333727	2.690917611852883
39.7	2.4723321950115387	2.829145170218596
39.71	2.6105917775913112	2.7740757288073254
39.72	2.501119270243936	2.854335020608087
39.73	2.543100788774271	2.8080400024421572
39.74	2.430365588599526	2.8294010691150966
39.75	2.4688789260004897	2.789748248122663
39.76	2.5112777395999455	2.8547522589552594
39.77	2.638811922575271	2.7476179551301128
39.78	2.4271066550240317	2.829656270752206
39.79	2.4480336682984998	2.759720434131466
39.8	2.482060045446779	2.8551684748938118
39.81	2.4654258052520843	2.6555048308407248
39.82	2.507560842537665	2.829910797825504
39.83	2.4238471818262033	2.746978861740422
39.84	2.4446764296595074	2.8555836908788224
39.85	2.478514674966307	2.789569453030943
39.86	2.4619728713477653	2.7254208715584416
39.87	2.5352527681132693	2.830164672960638
39.88	2.4205872052268917	2.855997929301889
39.89	2.4413190163822387	2.7350517628712168
39.9	2.557099669143189	2.789480343001054
39.91	2.458520162851354	2.830417918712444
39.92	2.417326761446763	2.856411212490219
39.93	2.614815216143409	2.724410632041378
39.94	2.4379614659142246	2.7457060568110916
39.95	2.4865868115212235	2.8306705575640416
39.96	2.4550677183068883	2.856823562705713
39.97	2.622547800872401	2.6270560242003675
39.98	2.5530511246239227	2.7727319230745495
39.99	2.4346038156928387	2.7234034194737315
40.0	2.4964202725315703	2.857235002144087
40.01	2.4516155762364935	2.808552216288135
40.02	2.4678827010351605	2.7334105491904306
40.03	2.4312461031432058	2.7724653111072572
40.04	2.601016818735358	2.857645552933992
40.05	2.6147603726592115	2.8086368587988213
40.06	2.4927102582454412	2.744440562311109
40.07	2.448163775138238	2.757469926776501
40.08	2.4278883656761057	2.8314250564553
40.09	2.5131687588133222	2.6956541410712207
40.1	2.5310548717589074	2.8087213533204416
40.11	2.65128694161353	2.66213946560785
40.12	2.444712353484013	2.7570236683311773
40.13	2.4245306406859046	2.831675491073334
40.14	2.6110673052866247	2.7317791000289695
40.15	2.519598480514265	2.808805722008482
40.16	2.5093205466219746	2.694102112002489
40.17	2.4412613497174322	2.831925430101446
40.18	2.421172965548469	2.7565787395386914
40.19	2.4720738936080924	2.808889986935076
40.2	2.4965434845059358	2.7889511069179993
40.21	2.540937812586128	2.7103193858374186
40.22	2.4378108022517067	2.8321748955748203
40.23	2.5054753548005437	2.636980864918406
40.24	2.417815377619108	2.8089741700882738
40.25	2.48159130890335	2.7888640100776043
40.26	2.492766167262697	2.8324239094511356
40.27	2.569995316728376	2.7301575652959946
40.28	2.4343607494675803	2.7091408381267423
40.29	2.414457914230528	2.809058293371265
40.3	2.4501789001041616	2.8326724936097865
40.31	2.4778888246467474	2.691012936498109
40.32	2.5191927549995246	2.7184133744068775
40.33	2.430911229711226	2.8091423786016767
40.34	2.411100612690778	2.6988290054319664
40.35	2.446640916916527	2.8329206698511142
40.36	2.461203569607605	2.741309854852006
40.37	2.474188323465635	2.654921463398836
40.38	2.4274622812921844	2.809226447510826
40.39	2.407743510281242	2.8331684598956453
40.4	2.5236059231498116	2.788605055607372
40.41	2.4431039508146766	2.7548127320400257
40.42	2.4575830768505846	2.7406895325399176
40.43	2.4704898454262483	2.80931052174303
40.44	2.404386644254588	2.833415885383356
40.45	2.5288737394748733	2.788519587718896
40.46	2.4814493961149107	2.7543747589334013
40.47	2.439568040877081	2.6651882559244013
40.48	2.4539641245437296	2.833662967872933
40.49	2.401030051832788	2.7056276626997002
40.5	2.466793430510791	2.788434580520927
40.51	2.5532545424774025	2.770102879856659
40.52	2.436033226127821	2.8339097288410446
40.53	2.524863490264016	2.6117103997875106
40.54	2.45034675228109	2.7394548619365557
40.55	2.4171192465618216	2.788350055204389
40.56	2.463099118615425	2.7698448941057863
40.57	2.486296100882862	2.809562991501377
40.58	2.4324995455345477	2.7535031883221737
40.59	2.47391793314085	2.7144775914666432
40.6	2.4136729657831	2.788266032864071
40.61	2.520858854175011	2.7695878859652514
40.62	2.459406949548288	2.8096473017045644
40.63	2.5116754346000003	2.7530696306912166
40.64	2.428967038006455	2.725353918565782
40.65	2.470156236643489	2.788182534498018
40.66	2.4102274472683387	2.809731724123228
40.67	2.7693318759330525	2.7693318759330525
40.69	2.455716963027518	2.7526375845764126
40.7	2.4254357423922626	2.788099581006943
40.71	2.4067827290644894	2.8098162798653905
40.72	2.4395045106131414	2.769076884403136
40.73	2.529624265177571	2.666178347448306
40.74	2.5550878517195903	2.638561806628837
40.75	2.421905697478218	2.78801719319363
40.76	2.68186535823291	2.8099009899474217
40.77	2.403338849167714	2.7237735029615484
40.78	2.435893853006109	2.7688229316648854
40.79	2.4626411119864264	2.619126314574487
40.8	2.5188506343839348	2.7879353917623857
40.81	2.418376941986099	2.809985875293445
40.82	2.399895845521423	2.6240831558185373
40.83	2.551112118580657	2.7685700379025913
40.84	2.4916671666576073	2.7364039197834313
40.85	2.4322849722997884	2.7878541973184534
40.86	2.4807211155132225	2.8100709567347164
40.87	2.414849514571251	2.414849514571251
40.88	2.396453756014291	2.7683182231949783
40.89	2.514844823183616	2.6624653866517467
40.9	2.5215845147657334	2.81015625500904
40.91	2.428677907628845	2.6788564675276505
40.92	2.455137274973928	2.750924906856249
40.93	2.3930126184783402	2.552983761481198
40.94	2.440979633511916	2.7680675075147128
40.95	2.533138888239252	2.8102417907601893
40.96	2.721422864683124	2.735198229253439
40.97	2.425072698044513	2.7505007110319104
40.98	2.525026054199609	2.708670178423359
40.99	2.3895724706869794	2.7678179107279184
41.0	2.618488952669426	2.8103275845373332
41.01	2.437301152209142	2.624421715546413
41.02	2.4918930739878054	2.734598604674548
41.03	2.4214693825126616	2.750078143026479
41.04	2.5291394792928363	2.696426634440679
41.05	2.386133350353096	2.787535898023758
41.06	2.447645039852326	2.67586788241867
41.07	2.43362508976319	2.68548827477609
41.08	2.469134183514832	2.7340011514066167
41.09	2.417867999911888	2.74965722183127
41.1	2.5515895613316983	2.787458044090703
41.11	2.4007538563566038	2.6952938967852993
41.12	2.4439033706938655	2.7067605616739145
41.13	2.4557808010991753	2.6569428721361033
41.14	2.4299514852083255	2.733405887442529
41.15	2.414268589031628	2.76707603078201
41.16	2.465280054091997	2.787380918666551
41.17	2.3972336466963893	2.607412800029923
41.18	2.566363299680915	2.705810734489082
41.19	2.440164719001699	2.664253532709823
41.2	2.4262803774736006	2.7488203952703656
41.21	2.5412471711192093	2.7873045416485183
41.22	2.410671188570272	2.646971648886964
41.23	2.393714995541453	2.5584251672558267
41.24	2.5055880547457083	2.631371760108759
41.25	2.480086316178045	2.7048642487234345
41.26	2.436429123522295	2.7872289328307134
41.27	2.4226118053810355	2.6626010848315973
41.28	2.4070758371332963	2.7175595718313823
41.29	2.3901979410279486	2.6714232733831285
41.3	2.457584293653346	2.6449817165861873
41.31	2.517189154952541	2.7871541119036776
41.32	2.5965323423864177	2.766344925735791
41.33	2.4189458076437935	2.629060075438826
41.34	2.403482573231424	2.7167952303228935
41.35	2.3866825212103064	2.6016129294605745
41.36	2.5220042611496	2.7870800984539494
41.37	2.4643658023897625	2.7661037084117557
41.38	2.453742737615676	2.7475779747597144
41.39	2.4909442397593673	2.690802211970702
41.4	2.4152824228644008	2.5639862871732606
41.41	2.383168774059381	2.787006911963628
41.42	2.505077702300186	2.6593133445194006
41.43	2.6789858799847077	2.7658637650218667
41.44	2.6684858401866367	2.6684858401866367
41.45	2.4499054474252144	2.730463028639153
41.46	2.411621689532942	2.786934571809954
41.47	2.3796567374606346	2.7152749962721043
41.48	2.4368235230160327	2.765625114453984
41.49	2.4683277217174906	2.746758455557144
41.5	2.4936643114799697	2.677699040780408
41.51	2.5011106961901852	2.72988127170822
41.52	2.5472822766829335	2.7011120242330136
41.53	2.376146449212313	2.7145191361529664
41.54	2.5141237227774265	2.765387775485318
41.55	2.4330431990770234	2.7463513788712253
41.56	2.5395937074516977	2.6087233188929306
41.57	2.464419056047656	2.729301826705181
41.58	2.4732536198760164	2.700182472750319
41.59	2.372637947023647	2.765151766782084
41.6	2.3891311597708746	2.71376613538131
41.61	2.745946114780839	2.745946114780839
41.62	2.5435880753253435	2.646067555397296
41.63	2.4292666738328794	2.728724710669335
41.64	2.4790817029701286	2.4790817029701286
41.65	2.460515880835093	2.76491710689914
41.66	2.3855489077616028	2.7130160098602483
41.67	2.414081885104168	2.745542681129821
41.68	2.4488705587910116	2.6198922171049364
41.69	2.5533673082086263	2.728149940519654
41.7	2.425493984764049	2.7646838142796852
41.71	2.539903937219861	2.627005102836234
41.72	2.3819689722604576	2.7451410956455624
41.73	2.3970060364552217	2.7122687753691777
41.74	2.4103687574021464	2.6852769832856738
41.75	2.4345996846933518	2.7644519072549243
41.76	2.445009101133139	2.5445791997115683
41.77	2.421725169202156	2.617619988075364
41.78	2.5690524631965794	2.7447413759387493
41.79	2.3783913910644903	2.7115244475636335
41.8	2.3933591336575186	2.6331861812642
41.81	2.4066589912853256	2.7642214040437714
41.82	2.4614862837934917	2.661232608454501
41.83	2.430784276998444	2.6009926043760103
41.84	2.4179602643284683	2.74434353950311
41.85	2.3748162018617993	2.7107830419751227
41.86	2.4853191109247015	2.763992322752545
41.87	2.389715110789864	2.726439872767583
41.88	2.4029526243252293	2.6830950405318927
41.89	2.448839639505896	2.649588005013809
41.9	2.4269733553192525	2.7439476037151644
41.91	2.437301257815307	2.5325658866733427
41.92	2.371243442229828	2.7637646813746004
41.93	2.386074005506979	2.7258746529379296
41.94	2.489587657325948	2.67007448591183
41.95	2.399249693954614	2.6820101528609057
41.96	2.5103574599314022	2.7435535858339994
41.97	2.444958766744444	2.658367668906937
41.98	2.3676731496336973	2.7093090589543065
41.99	2.4104423346098574	2.7253118617768424
42.0	2.3824358553375546	2.494572295423939
42.01	2.528911991722736	2.743161503001042
42.02	2.3955502374659154	2.680929337890013
42.03	2.4856772343635285	2.610850711407727
42.04	2.4774695472853216	2.5209143312521416
42.05	2.3641053614245178	2.7085765119636864
42.06	2.4066893833620613	2.7247515154769952
42.07	2.378800697682608	2.742771372239841
42.08	2.5393526290008315	2.601730002728317
42.09	2.4906878789230125	2.679852608131684
42.1	2.391854292009682	2.6354198368635173
42.11	2.4660923268763146	2.7078469480732394
42.12	2.36054011483776	2.7241936301094123
42.13	2.4155678667390625	2.7423832104558783
42.14	2.3751685698138987	2.6165214499323093
42.15	2.4257776978111387	2.530260571226836
42.16	2.44588276974712	2.6787799759706274
42.17	2.3881618945930367	2.599341405051236
42.18	2.5358746985528082	2.7236382216232955
42.19	2.4868121334656967	2.7419970344362716
42.2	2.4117752486409874	2.6541094529458147
42.21	2.371539508872329	2.6432200222818634
42.22	2.4696510762614468	2.623545823181209
42.23	2.421946837862918	2.6777114536637843
42.24	2.384473082078164	2.723085305845912
42.25	2.4989280248561268	2.7416128608499597
42.26	2.553102026320555	2.6910780462679083
42.27	2.5667745802183335	2.631921427555293
42.28	2.3679135518663816	2.6527005367531213
42.29	2.3954550223645836	2.6416425473657243
42.3	2.5180109292068944	2.7225348984824413
42.31	2.380787891180809	2.7412307062470056
42.32	2.438118555846838	2.5580877217665923
42.33	2.5098256152015597	2.6901870202392626
42.34	2.3642907356705725	2.3642907356705725
42.35	2.4951370293442308	2.6512968804040997
42.36	2.3917185204386984	2.7408505870587714
42.37	2.4543847700937564	2.7049588198313392
42.38	2.3771063584687937	2.6626170970737495
42.39	2.4143008139383686	2.689299578820499
42.4	2.4618638984730707	2.6103202857318895
42.41	2.360671097023916	2.4438550937474894
42.42	2.484886267933582	2.5550491836191838
42.43	2.387986221059555	2.7214416712069323
42.44	2.4004255247939765	2.7042443925881936
42.45	2.373428520360569	2.6613906165822883
42.46	2.4217935451526076	2.6884157351786606
42.47	2.4104857179439243	2.617844474948897
42.48	2.3570546725284163	2.608268089035611
42.49	2.4303797033452406	2.72089888209378
42.5	2.510794153300386	2.703533036029671
42.51	2.3842581599889936	2.673478703645735
42.52	2.5520206289258573	2.6369450939142545
42.53	2.3697544131237547	2.687535502353998
42.54	2.4179529836461042	2.516105714551024
42.55	2.3534414986475722	2.720358662992416
42.56	2.4713962620285006	2.702824764315839
42.57	2.52206606450823	2.6062233264340144
42.58	2.380534372824144	2.6724309099925954
42.59	2.3928828347546136	2.625001152189521
42.6	2.366084072873735	2.6866588932599904
42.61	2.4772664573894883	2.7198210289959874
42.62	2.349831611704897	2.5875239313862597
42.63	2.4028715264393408	2.7021195914816825
42.64	2.442743682529073	2.6140781797690735
42.65	2.4675641698503976	2.5953325961806075
42.66	2.3768148949960923	2.6713872970526817
42.67	2.3624175355722437	2.719285995075091
42.68	2.5253234972724603	2.6577395275118687
42.69	2.503617928334578	2.7014175314370807
42.7	2.4734702653830625	2.4734702653830625
42.71	2.399072497781475	2.585185545563975
42.72	2.612205425910306	2.612205425910306
42.73	2.373099761768585	2.7187535760776274
42.74	2.3587548370259808	2.6021561148408505
42.75	2.385359502555767	2.6565319820952973
42.76	2.4463842075733	2.700718597966683
42.77	2.454692091915399	2.567170266340794
42.78	2.5220005114143103	2.5294010135757587
42.79	2.3952788914370693	2.500045040719661
42.8	2.4696832375855964	2.7182237867287493
42.81	2.3693890082367286	2.6429858928031766
42.82	2.3550960128852574	2.700022804730295
42.83	2.414979060756746	2.600133671206855
42.84	2.424524611264874	2.6307636915786783
42.85	2.4425341468617083	2.5493884198898704
42.86	2.4508565596958305	2.5645608410132392
42.87	2.391490740354128	2.6831889480233087
42.88	2.518687851981873	2.5261873823713494
42.89	2.3514410986426424	2.6993301652623134
42.9	2.3778558025315397	2.6541311765823736
42.91	2.4311697776714603	2.540006232401516
42.92	2.411145130372515	2.6292330066337097
42.93	2.4206795038213387	2.5708601515055958
42.94	2.4386920781419086	2.682330646848358
42.95	2.3877080772874977	2.6986406929721007
42.96	2.3477901296316452	2.6402580344428674
42.97	2.5084225532394813	2.6529379356764538
42.98	2.3741113995198084	2.5782206157969547
42.99	2.4621367394227853	2.4929297501314203
43.0	2.407317751458715	2.6277082012338293
43.01	2.537027584567086	2.681476044223444
43.02	2.4168414576132324	2.6979544011439205
43.03	2.3839309347978297	2.5684062034531783
43.04	2.3441431410253983	2.6389021053640085
43.05	2.443210804020265	2.651749481918998
43.06	2.3703720061067335	2.6047837931226128
43.07	2.50503750121244	2.6806251521754625
43.08	2.5120935189708593	2.6652140417936567
43.09	2.403496953328797	2.6972713029369553
43.1	2.534058915068673	2.534058915068673
43.11	2.3405001678353874	2.4130105000148547
43.12	2.354590486995363	2.650565824587123
43.13	2.431032009275222	2.472601885621251
43.14	2.3666376557598587	2.679777982604567
43.15	2.5250308055364425	2.696591411385355
43.16	2.573619187859399	2.6246762546438402
43.17	2.50166278542668	2.613137183000575
43.18	2.399682765084008	2.5921183679043796
43.19	2.350902152378577	2.6493869728309347
43.2	2.3763933408150177	2.6362062865769187
43.21	2.387443145612977	2.6789345472846033
43.22	2.362908381760418	2.6959147393982783
43.23	2.435598931011856	2.6011146571075785
43.24	2.4917298707036726	2.623169125927797
43.25	2.521962538034801	2.6114680247991715
43.26	2.3958752156126604	2.590133170845942
43.27	2.3472184044171893	2.6482129356736728
43.28	2.3726329534632478	2.6780948578631145
43.29	2.383656715858164	2.4823331250025666
43.3	2.3591842172022615	2.6621847455252983
43.31	2.423404183940844	2.5992905210339425
43.32	2.4409866497154384	2.621667901705316
43.33	2.431805751292368	2.609805304553085
43.34	2.4882887408135628	2.647043722011841
43.35	2.3435392769914904	2.6772589258614268
43.36	2.3688782149692775	2.5780728721440607
43.37	2.401560429350157	2.661183543662521
43.38	2.3554651949908103	2.502279504598688
43.39	2.4788212913024537	2.4788212913024537
43.4	2.4196024187991405	2.620172587901026
43.41	2.437225383031484	2.608149026726622
43.42	2.3398648038035668	2.6764267626747595
43.43	2.532353415370337	2.63220277053911
43.44	2.365129156908087	2.6601866405047114
43.45	2.408226281196683	2.5759510804293613
43.46	2.351751347842036	2.3977580955682454
43.47	2.4434319791512507	2.5071212349871166
43.48	2.4990288335432167	2.675598379572336
43.49	2.4753196548759124	2.6447198001278394
43.5	2.3361950183761744	2.630879017873876
43.51	2.433473049754822	2.659194046016846
43.52	2.3613858106547205	2.584222319416167
43.53	2.529548364226172	2.564516789468493
43.54	2.3480427082814432	2.573837218531942
43.55	2.3939629839883207	2.674773787697505
43.56	2.6171997146226342	2.6435651090665058
43.57	2.4397188321166587	2.593859877473383
43.58	2.332529954051671	2.6582057700376494
43.59	2.4120232940098583	2.519365191351431
43.6	2.42972966697836	2.42972966697836
43.61	2.3576482073833964	2.582266954345269
43.62	2.344339308643097	2.673952998067864
43.63	2.3685729851299624	2.5717312868142588
43.64	2.3901751206689803	2.642415275822631
43.65	2.592063594053157	2.6572218222796558
43.66	2.603218890560844	2.6282476842207743
43.67	2.436014987830076	2.5008479995307518
43.68	2.4082459778664758	2.5514743871228416
43.69	2.3539163780666543	2.516456359214413
43.7	2.34064118106865	2.58031905108812
43.71	2.443059888501894	2.6412703086614924
43.72	2.36481769838502	2.6562422123293863
43.73	2.3863945314476185	2.6269401170131834
43.74	2.474627222889814	2.6015884245945253
43.76	2.432320460606222	2.432320460606222
43.77	2.3501903534744977	2.549090658986553
43.78	2.336948357506398	2.5783786109311198
43.79	2.3731709237662777	2.6401302157229916
43.8	2.361068728826263	2.655266949647514
43.81	2.393084102198879	2.6256379585301644
43.82	2.3826212419399444	2.5884919397718464
43.83	2.59996442152522	2.59996442152522
43.84	2.4712376119425414	2.503766019163338
43.86	2.333260869710364	2.6389950050212687
43.87	2.369410636549816	2.6542960435690546
43.88	2.486129503247365	2.611325139960242
43.89	2.357326105490124	2.624341215349807
43.9	2.4357733823713947	2.565461074572915
43.91	2.3788552775395098	2.598346885081151
43.92	2.443643097331647	2.5270267554192034
43.94	2.329578749239385	2.6533295033035444
43.96	2.3656572114658445	2.6098713545309984
43.97	2.353589857200928	2.6230498939257822
43.98	2.4829305108711597	2.553327107495079
43.99	2.405493453418023	2.59673581886869
44.0	2.375096663417238	2.5339612076582476
44.01	2.515669191557536	2.6523673379352544
44.02	2.325902027456235	2.524396904174992
44.04	2.464489335208955	2.6217640005875764
44.05	2.361910675456411	2.5726020801300247
44.06	2.3498600125702294	2.421292921220916
44.07	2.4717558598377525	2.5951312263726023
44.08	2.4111475934100937	2.5831867754398203
44.09	2.371345424521019	2.6356187446015347
44.1	2.428525439402373	2.428525439402373
44.11	2.335344910617787	2.5217765049386727
44.12	2.4365020774242647	2.6204835415406427
44.13	2.570691502846066	2.570691502846066
44.14	2.3581710552443735	2.5396434397730103
44.15	2.3461365999961643	2.4176358010789585
44.16	2.5592622355510324	2.6345031404873884
44.17	2.4684846258637867	2.5489097989532143
44.18	2.367601585575264	2.5020616438532195
44.19	2.331648364053608	2.5289891967762212
44.2	2.424915957012492	2.6192085228670514
44.21	2.51018564582646	2.5191655547647835
44.22	2.432946419341922	2.568788393302827
44.23	2.342419647662821	2.3544383773328708
44.24	2.3857548634655137	2.633392456806763
44.25	2.4139880663364943	2.5796849022304325
44.26	2.5467136891607645	2.5467136891607645
44.27	2.3638651710805356	2.48227466452408
44.28	2.3279578025362295	2.617938950525143
44.29	2.4476743085940225	2.4476743085940225
44.3	2.4213161484855137	2.4213161484855137
44.31	2.507458459213739	2.6322867008257473
44.32	2.3387091835396463	2.5903563242117995
44.33	2.5349724180417197	2.577944442226228
44.34	2.3820353339817357	2.5551693237078923
44.35	2.4103497300138574	2.6166748303502017
44.36	2.324273255396032	2.6026918219665793
44.37	2.37060484670845	2.4792150254727474
44.38	2.4001068011185995	2.52405368582798
44.39	2.4442646812586735	2.631185879686589
44.4	2.3469939533225057	2.5887776590062033
44.41	2.335005235380839	2.335005235380839
44.42	2.425864849368927	2.576210968875733
44.43	2.378324140881935	2.6154161680546166
44.44	2.451116640619365	2.6012738263342
44.45	2.3205947517548466	2.406720804915904
44.46	2.366885896969544	2.366885896969544
44.47	2.3869584998991003	2.52159961057398
44.48	2.458733065982976	2.5631238762434236
44.49	2.331307830724813	2.5872054831262488
44.5	2.4141455951671316	2.5744844837203287
44.51	2.6141629692281683	2.6141629692281683
44.52	2.42233895385481	2.5998618110811567
44.53	2.3746213037741586	2.540175518793615
44.54	2.3527007159425133	2.482998083877798
44.55	2.363174889627194	2.447799285172124
44.56	2.3832776979739445	2.3832776979739445
44.57	2.3927917194087946	2.5856397993328715
44.58	2.327616996893632	2.490725047358199
44.59	2.4374761678853627	2.6129152393383164
44.6	2.410574870927172	2.5984557802874497
44.61	2.528031568403256	2.5490894142928853
44.62	2.3709268420398852	2.4278038444947385
44.63	2.348994239767625	2.5380128424057817
44.64	2.4800717524572224	2.4800717524572224
44.65	2.3594718461941317	2.58408061026739
44.66	2.3796056658600664	2.61167298373049
44.67	2.3239327609924865	2.571052483567801
44.68	2.4522838175068142	2.597055737911975
44.69	2.4608269559621747	2.5062524280876115
44.7	2.407013861653661	2.547078629745166
44.72	2.3672407748339275	2.5358585196252963
44.73	2.3452953071762535	2.3452953071762535
44.74	2.3557767879560325	2.6104362076283865
44.75	2.3958906217889107	2.557526582355778
44.76	2.320255149909203	2.595661687793199
44.77	2.385513133306146	2.467079027865363
44.78	2.449074731764908	2.485116407427247
44.79	2.4577106388838788	2.54507576930447
44.8	2.4034625771015845	2.5234480932533625
44.81	2.363563121084365	2.5337125483215557
44.82	2.341603941318618	2.5809817262892487
44.83	2.352089735971344	2.352089735971344
44.84	2.316584190313742	2.594273633649387
44.85	2.328506196271468	2.511874437010983
44.87	2.3818875620812925	2.3818875620812925
44.88	2.445876005111734	2.5430808316837417
44.89	2.454604652037137	2.5211694744627224
44.9	2.399921026818009	2.5794420360640347
44.91	2.337920165118865	2.3598938994924716
44.92	2.4083348166468483	2.5928915790789335
44.93	2.3484107110711276	2.565956926535985
44.94	2.324829984357302	2.471353472014304
44.95	2.3686423551387628	2.509465908429131
44.96	2.3782711574859685	2.3782711574859685
44.97	2.541093815480337	2.541093815480337
44.98	2.442687637412286	2.4986177254294644
44.99	2.4515089939786106	2.5779088499422667
45.0	2.33424400127482	2.591515527560678
45.01	2.551996511210798	2.551996511210798
45.02	2.3447397338589266	2.564272396302538
45.03	2.3211609433096068	2.414083631276461
45.04	2.385145580000151	2.4684676058612554
45.05	2.3650055679004915	2.507066478533155
45.06	2.374663933303806	2.5391147191763515
45.07	2.576382169971948	2.576382169971948
45.08	2.4580846554137326	2.590145482454259
45.09	2.330575472257776	2.527324720226856
45.1	2.3525808264525474	2.562594861751834
45.12	2.3174990974103955	2.341076824710654
45.13	2.4013925176694335	2.410678927279587
45.14	2.3815828739387803	2.5046761434971665
45.15	2.361377632166759	2.574861998083742
45.16	2.3710659030983745	2.428112170336414
45.17	2.5143860556806943	2.5143860556806943
45.18	2.4551070180843717	2.525212131209207
45.19	2.326914600312289	2.5609243234857813
45.2	2.3489370112727794	2.4453486576865178
45.21	2.3374220037744906	2.417356812026628
45.22	2.313844470717612	2.313844470717612
45.23	2.397936334870214	2.4072843725378066
45.24	2.3577585636032565	2.5733483360907456
45.26	2.36747708021336	2.4248671669168744
45.27	2.5121423841760437	2.559260781990383
45.28	2.323261407455989	2.5465336529588862
45.29	2.345301700787199	2.4807205940504735
45.3	2.3858523520467414	2.4422839758010744
45.31	2.333775290970804	2.4140395201781923
45.32	2.5718411856892254	2.5718411856892254
45.33	2.394490138584065	2.5332249327602585
45.34	2.3541483776515615	2.4598706409677114
45.36	2.36389747777274	2.557604237636112
45.37	2.3196159154794254	2.488569939223769
45.38	2.449182456498432	2.468528774819987
45.39	2.341674912562804	2.478100121435173
45.4	2.3301367059920937	2.570340548458899
45.41	2.410732502209866	2.410732502209866
45.42	2.531277498581926	2.531277498581926
45.43	2.391053935103104	2.497559667525907
45.44	2.350547089529252	2.555954690678269
45.45	2.5429290788603374	2.5429290788603374
45.46	2.360327108680976	2.518924387299876
45.47	2.315978145945909	2.48608150287675
45.48	2.4462355260184565	2.4657988772759385
45.49	2.3380566639398013	2.475489324953722
45.5	2.326506268302943	2.4361855742796488
45.51	2.407435760336455	2.407435760336455
45.52	2.5293379749969125	2.5293379749969125
45.53	2.387627730521523	2.554312141257365
45.54	2.3469547142300513	2.541137988413065
45.55	2.505463724047506	2.516845137260462
45.56	2.3123481201914	2.3567659856232344
45.57	2.4151942014954804	2.4836024614887795
45.58	2.334446972031675	2.463078884656198
45.59	2.3228839971399937	2.472888199876
45.6	2.3754034927594665	2.4331518500798643
45.61	2.527406359803235	2.527406359803235
45.62	2.4041492965935247	2.5526765893995083
45.63	2.3842115307359553	2.539354360848914
45.64	2.3433712665239708	2.514774214343845
45.65	2.3639121467326913	2.5032549428244604
45.66	2.3532141210656046	2.3532141210656046
45.67	2.411990562720512	2.4811328102894685
45.68	2.3308458537252603	2.4702967413484846
45.69	2.3192699115119426	2.4403723490520064
45.7	2.420659068881724	2.5510480350167812
45.71	2.3719401354541887	2.4301284402929553
45.72	2.4008731128378265	2.5375781948878218
45.73	2.5127116152752085	2.5127116152752085
45.74	2.339796760957491	2.5010548744050687
45.75	2.3604066350328226	2.4485493562919896
45.76	2.349671527255356	2.4786725443895956
45.77	2.408797265748057	2.408797265748057
45.78	2.3156640301995433	2.467714944394686
45.79	2.437456095484667	2.5235668452188573
45.8	2.4175535485504946	2.4175535485504946
45.81	2.368486589029222	2.5358094891370646
45.82	2.3976072107477235	2.3976072107477235
45.83	2.336231211853743	2.5106573366673737
45.84	2.377409168153924	2.498863514655258
45.85	2.3569106912934585	2.4457442459535903
45.86	2.34613821622118	2.4762216587815127
45.87	2.323669404332301	2.323669404332301
45.88	2.312066371755646	2.521658940862263
45.89	2.434550060237314	2.534048242091668
45.91	2.365042860968104	2.485880380367771
45.92	2.5086113750211867	2.5086113750211867
45.93	2.33267463331271	2.496680859327958
45.94	2.374023016166457	2.374023016166457
45.95	2.3534243251098825	2.442949211062254
45.96	2.3426141997734806	2.4737801483395603
45.97	2.3200941058871707	2.519758934966025
45.98	2.402441696717403	2.532294452134811
45.99	2.431654239415131	2.431654239415131
46.01	2.361608958549907	2.506573726725932
46.02	2.494506904063515	2.494506904063515
46.03	2.3291270392114503	2.3911062573885307
46.04	2.370646890593833	2.370646890593833
46.05	2.349947545865607	2.440164246940973
46.06	2.3390994895046573	2.5178668247686438
46.07	2.31652744632686	2.31652744632686
46.08	2.3992794239927173	2.460027471374472
46.1	2.428768628982358	2.5045443880597467
46.11	2.358184888849634	2.4082990833161473
46.12	2.41813788984471	2.4923416443901028
46.13	2.3255884432043272	2.3878712085883245
46.15	2.3464803627327386	2.5159826073979406
46.16	2.3355940967894075	2.468925231863828
46.17	2.312969441406781	2.312969441406781
46.18	2.4469666631745843	2.457484268505359
46.19	2.396127491738515	2.396127491738515
46.2	2.425893224762758	2.5025233551900383
46.21	2.49018507572415	2.49018507572415
46.22	2.354770658738629	2.4151660092418807
46.23	2.322058858723263	2.322058858723263
46.24	2.3846464463924333	2.5141062798714913
46.25	2.343022784672349	2.466511814992435
46.26	2.33209803278505	2.373897916143824
46.28	2.4443158677598724	2.4549507004973132
46.29	2.392985899203862	2.5005106241739186
46.3	2.4230280224400818	2.4766999698789514
46.31	2.4880371933707726	2.4880371933707726
46.32	2.351366274885006	2.4122044248558314
46.33	2.318538298977999	2.318538298977999
46.34	2.381431971594231	2.381431971594231
46.35	2.339574820434868	2.4641077516128225
46.36	2.3286113084318654	2.370615254373652
46.38	2.4416749365256605	2.4985061909586257
46.39	2.474427466792655	2.474427466792655
46.4	2.3898546454716336	2.4858979925241926
46.42	2.347971743754086	2.3991377202012036
46.43	2.3150267769563904	2.4092531331341225
46.44	2.3782277848115534	2.3782277848115534
46.45	2.4617130360156554	2.4617130360156554
46.46	2.3251339344534383	2.429124999962209
46.48	2.4390438638103795	2.4965100513819736
46.49	2.472163992810916	2.472163992810916
46.5	2.386733729459037	2.4837674682682054
46.51	2.4173282055233964	2.4173282055233964
46.52	2.34458707160885	2.34458707160885
46.53	2.3961046111628117	2.4063121303771373
46.55	2.3750338864872256	2.459327662376198
46.56	2.321665921357019	2.426390314888605
46.57	2.3640805031820746	2.3640805031820746
46.58	2.436422643827644	2.447407747985069
46.59	2.4699095423821893	2.4816456155766033
46.6	2.3836231499181304	2.3836231499181304
46.61	2.4144935816012523	2.4144935816012523
46.63	2.341212264510402	2.4033814127385793
46.65	2.371850276889574	2.456951624754798
46.66	2.318207279433914	2.4236656697411427
46.67	2.3608284179560672	2.3608284179560672
46.68	2.433811270666732	2.4676641098432883
46.69	2.4795324293136525	2.4795324293136525
46.71	2.3805229054363597	2.411669140920779
46.73	2.3378473283184498	2.3378473283184498
46.74	2.3900693952296312	2.400460976226004
46.75	2.4545849170973044	2.4545849170973044
46.76	2.325879269372867	2.4209510589200094
46.77	2.347295139531449	2.347295139531449
46.78	2.3575865288008577	2.4654276894198475
46.79	2.4312097382930804	2.4312097382930804
46.81	2.3774329944370924	2.3774329944370924
46.82	2.4088548784731194	2.4088548784731194
46.83	2.334492268691798	2.334492268691798
46.84	2.3870672825066315	2.4522275332355963
46.86	2.3655139240784044	2.3655139240784044
46.87	2.322479498162655	2.418246476695533
46.88	2.3543548373559604	2.4632002752268067
46.89	2.42861804054878	2.42861804054878
46.92	2.374353415180186	2.406050789112437
46.94	2.331147091088848	2.4498794668880275
46.95	2.394650929881483	2.394650929881483
46.96	2.3623611805339726	2.3623611805339726
46.97	2.415551917208707	2.415551917208707
46.98	2.340713695910339	2.4374850062324445
46.99	2.426036171153088	2.426036171153088
47.02	2.3712841657625416	2.4032568675564674
47.04	2.3278118007681137	2.4475407116599452
47.05	2.381094031821516	2.3917613113387364
47.07	2.359218725055524	2.4128673744717086
47.08	2.337438072777049	2.435028301697834
47.09	2.347922053244306	2.4234641237029355
47.13	2.3682252441186784	2.4004731083870343
47.15	2.378122887108937	2.388881956501478
47.17	2.356086557047199	2.4101928423684362
47.18	2.3341725194741296	2.432581176396386
47.19	2.344720962947409	2.4209018916734526
47.23	2.3651766480213245	2.397699506050631
47.26	2.3751620580618424	2.386012860654683
47.27	2.407528314655049	2.407528314655049
47.28	2.3529646757420255	2.3529646757420255
47.29	2.418349468418496	2.418349468418496
47.3	2.341530075101711	2.341530075101711
47.33	2.3949360548589573	2.3949360548589573
47.34	2.3621383750820013	2.3621383750820013
47.36	2.37221154092459	2.383154018940498
47.38	2.349853080202522	2.404873784960517
47.44	2.359110422751634	2.392182748989498
47.47	2.3692713317904417	2.3803054263588317
