bb.hodotdc.timewalk0map = 
      -0.320256       -0.316286       -0.303607       -0.301289       -0.267695       -0.280257       -0.297894       -0.264201       -0.252052 
      -0.268108       -0.268641       -0.303741       -0.284359       -0.303685        -0.28074       -0.295025        -0.29116       -0.324986 
      -0.296297       -0.300966       -0.294091       -0.315235       -0.305622       -0.282816        -0.30763       -0.282234       -0.297263 
      -0.315982        -0.30954       -0.308594       -0.311471         -0.3136        -0.29927       -0.308066       -0.303922       -0.308597 
      -0.301077       -0.326943       -0.324175       -0.342517       -0.301865        -0.31336       -0.326479       -0.334133       -0.301992 
      -0.309034       -0.329547       -0.328945       -0.301037       -0.323789       -0.333021       -0.300268       -0.312564       -0.321898 
      -0.318015        -0.30962       -0.310373       -0.316054       -0.314195       -0.315699         -0.3345       -0.308793       -0.296729 
      -0.313914       -0.304433       -0.298875        -0.31761       -0.318104       -0.322739       -0.316173       -0.305938       -0.325784 
      -0.300968       -0.311515       -0.296749       -0.302844       -0.320216         -0.3049       -0.307836       -0.297983       -0.271862 
      -0.294717       -0.283849       -0.262828       -0.247534       -0.311471       -0.311471       -0.311471       -0.311471       -0.311471 
      -0.221872       -0.243785        -0.23683       -0.233071       -0.256904       -0.235603       -0.234682       -0.208161       -0.192091 
      -0.252212       -0.271108       -0.236468       -0.232414       -0.239606       -0.237965        -0.24689       -0.244744        -0.24871 
      -0.268534       -0.243434       -0.234119       -0.242375       -0.244564       -0.250463       -0.243376       -0.255825       -0.237651 
      -0.231889       -0.245666       -0.230807       -0.236973       -0.220076       -0.234814       -0.247365         -0.2416       -0.238795 
      -0.232743        -0.23769       -0.246377       -0.219731       -0.254355       -0.249251       -0.228047       -0.243891       -0.239937 
      -0.238822       -0.238119       -0.231178       -0.231518        -0.23702       -0.221324       -0.231692       -0.217979       -0.225955 
      -0.247769       -0.235543       -0.237954       -0.232278       -0.240474       -0.220752       -0.227183       -0.233639       -0.229412 
      -0.213055       -0.226279       -0.220588       -0.243091       -0.230063       -0.234628       -0.226086       -0.228226       -0.232345 
        -0.2311       -0.244683       -0.258331       -0.229981       -0.260251       -0.243185        -0.27993       -0.278553       -0.252766 
      -0.265016       -0.294199        -0.24939       -0.209238       -0.236973       -0.236973       -0.236973       -0.236973       -0.236973 

bb.hodotdc.timewalk1map = 
              0               0               0               0               0               0               0               0               0 
              0               0               0               0               0               0               0               0               0 
              0               0               0               0               0               0               0               0               0 
              0               0               0               0               0               0               0               0               0 
              0               0               0               0               0               0               0               0               0 
              0               0               0               0               0               0               0               0               0 
              0               0               0               0               0               0               0               0               0 
              0               0               0               0               0               0               0               0               0 
              0               0               0               0               0               0               0               0               0 
              0               0               0               0               0               0               0               0               0 
              0               0               0               0               0               0               0               0               0 
              0               0               0               0               0               0               0               0               0 
              0               0               0               0               0               0               0               0               0 
              0               0               0               0               0               0               0               0               0 
              0               0               0               0               0               0               0               0               0 
              0               0               0               0               0               0               0               0               0 
              0               0               0               0               0               0               0               0               0 
              0               0               0               0               0               0               0               0               0 
              0               0               0               0               0               0               0               0               0 
              0               0               0               0               0               0               0               0               0 

bb.hodotdc.vscint = 
       0.118857        0.127388        0.120095        0.136708          0.1472        0.128833        0.130252         0.11736        0.115698 
       0.135041        0.131705        0.128684        0.128277        0.127565        0.136822        0.137405        0.133931        0.129546 
       0.133751        0.118506        0.123444        0.121717        0.122207        0.127458        0.114746         0.12125        0.123264 
       0.116627        0.121758        0.123549        0.119777        0.126222        0.129908        0.120188        0.120639         0.11345 
       0.115763        0.115329        0.117637        0.114624        0.124727         0.12052        0.115883        0.118748        0.124463 
       0.121567          0.1148        0.118382        0.117158        0.118173        0.111304         0.11884        0.115469        0.113417 
       0.119428        0.116672        0.115255        0.119368        0.120861        0.114558        0.112493        0.120752        0.117543 
       0.125261        0.121792        0.120641        0.122707        0.115954        0.123146        0.120991        0.118593        0.114355 
       0.116173         0.12063        0.127625        0.123707        0.120202        0.117664        0.120296        0.120666        0.123897 
       0.115917        0.121295        0.118397        0.112866        0.119777        0.119777        0.119777        0.119777        0.119777 

bb.hodotdc.meantime_offset = 
         2.0926         2.21739         2.39908         1.74378         2.38962          1.1122         1.17838         0.68532       -0.441944 
        1.39366        0.215405        0.823796        0.616725      -0.0868784        0.209355        0.466797        0.357984         1.08044 
        0.80869        -0.39865       -0.207042       0.0642552        0.276002         0.66118         0.77137        0.795584         1.28952 
        1.25215         1.12782         1.47181         5.28453         1.19996        -0.17287        -1.06431       -0.570802        -1.49939 
      -0.709017        -1.06921       -0.088849       -0.103843         0.10037       -0.169916        -1.06839        0.191016        0.219566 
      -0.257358        -0.15387        0.533168       0.0144567       -0.397961       -0.692803        -1.11021        -1.41229       -0.802776 
     0.00930221       -0.674047       -0.488252        -1.10877        -1.32628        -1.37975        -0.77328       0.0977251      -0.0681241 
        1.22426        0.630079        0.585764         1.28487        0.591047         1.01298         1.63387         1.68352         2.36516 
        2.66753         4.03594         3.12795         3.07793         2.93104         2.43511         2.20222         3.07059         2.69428 
        4.25634         4.48031         4.84893         3.92705         5.28453         5.28453         5.28453         5.28453         5.28453 

bb.hodotdc.rf_offset = 
       0.122952        0.120367      0.00648724    -4.96457e-05       0.0286263        0.120664        0.139962          0.1534        0.105597 
      0.0727656       0.0131753        0.171157        0.192003        0.172837         0.18558        0.236451        0.214356      0.00688059 
      0.0781253      -0.0389636      -0.0771445       -0.137322       -0.182653       -0.189649       -0.140331       -0.014125      -0.0603438 
     -0.0316524     -0.00846321       0.0849603               0       0.0193428      -0.0286957      -0.0937078       -0.204702       -0.236532 
      -0.213728       -0.254794       -0.242465       -0.248169       -0.157189       -0.315797       -0.213454       -0.277373       -0.261936 
      -0.189394       -0.174889      -0.0891034        -0.10358       -0.246028       -0.174231        -0.27691       -0.194171       -0.231011 
       -0.22063       -0.164717       -0.192475       -0.241052       -0.154363       -0.107119      -0.0133952      -0.0799656        0.067054 
      0.0813171       0.0510195       0.0809728      -0.0378221      -0.0968812       -0.186669        -0.18926       -0.172198       -0.261539 
      -0.122027       -0.184125       -0.175041      -0.0796634       -0.155503       -0.122152      -0.0095559         0.15414         0.16382 
     -0.0295679       0.0857973               0               0               0               0               0               0               0 

bb.hodotdc.tdiffoffset = 
              0               0               0               0               0               0               0               0               0 
              0               0               0               0               0               0               0               0               0 
              0               0               0               0               0               0               0               0               0 
              0               0               0               0               0               0               0               0               0 
              0               0               0               0               0               0               0               0               0 
              0               0               0               0               0               0               0               0               0 
              0               0               0               0               0               0               0               0               0 
              0               0               0               0               0               0               0               0               0 
              0               0               0               0               0               0               0               0               0 
              0               0               0               0               0               0               0               0 
